For betaplot:
beta_vec = [0.         0.05235988 0.10471976 0.15707963 0.20943951 0.26179939
 0.31415927 0.36651914 0.41887902 0.4712389  0.52359878 0.57595865
 0.62831853 0.68067841 0.73303829 0.78539816 0.83775804 0.89011792
 0.9424778  0.99483767 1.04719755 1.09955743 1.15191731 1.20427718
 1.25663706 1.30899694 1.36135682 1.41371669 1.46607657 1.51843645
 1.57079633 1.6231562  1.67551608 1.72787596 1.78023584 1.83259571
 1.88495559 1.93731547 1.98967535 2.04203522 2.0943951  2.14675498
 2.19911486 2.25147474 2.30383461 2.35619449 2.40855437 2.46091425
 2.51327412 2.565634   2.61799388 2.67035376 2.72271363 2.77507351
 2.82743339 2.87979327 2.93215314 2.98451302 3.0368729  3.08923278
 3.14159265]
cost_vec = [-0.2905664567715919, -0.0950280367853862, 0.10493568369171104, 0.3014903752394688, 0.48545625657557245, 0.6479819679036141, 0.7816461114531317, 0.8764865189587071, 0.9513978426541209, 0.9786353214779411, 0.9521814408014256, 0.8986829517892468, 0.7987964316073174, 0.6695968310542143, 0.5099373535804788, 0.3428719152721461, 0.1508387040919206, -0.04473155127664951, -0.23604145961789544, -0.41494785703879483, -0.5714534962901373, -0.6971518496918948, -0.8035194431842622, -0.8587656196132978, -0.8835597529378287, -0.8653352915283987, -0.8019510564533253, -0.703070829759273, -0.578016398031071, -0.4165296129033754, -0.2406489848850394, -0.049200457602064505, 0.14585651565023902, 0.3373125011946669, 0.5159579394289406, 0.6697088304185751, 0.803713120060792, 0.8917276600180032, 0.9542075089221805, 0.9752532794463232, 0.9410577550833857, 0.8838159012895542, 0.7799518255786952, 0.6475485164467347, 0.49144065398823955, 0.3046826577478342, 0.10798222381425077, -0.09072461875435761, -0.2855420876356409, -0.4681287694713061, -0.627447932855232, -0.7555620539439808, -0.8603200908929193, -0.9233499478318952, -0.9430741459714541, -0.9229644904187485, -0.8605325650969246, -0.7599797443622299, -0.6298426178491894, -0.46777761842737936, -0.2851271646815021]
zz = [0.2355949749815973, 0.29323075311880054, 0.3528323317918761, 0.40599471794932973, 0.45729789698266265, 0.5024076020723783, 0.5401750755254406, 0.5661318167147802, 0.58758580483418, 0.5941082206598177, 0.5882815526363466, 0.5718036088334174, 0.5455417119515258, 0.5080742574485619, 0.4633467891256128, 0.4159580528889172, 0.36175796079417355, 0.3059487090235303, 0.2509470834297726, 0.1965184923015312, 0.14712191056774732, 0.1063414635659801, 0.06969003934414235, 0.044752251585748665, 0.028574790859449122, 0.023052784842908722, 0.029138747399747714, 0.042511450180542545, 0.06382218336053128, 0.09395177368444309, 0.1312731018564852, 0.16916114041970529, 0.20948731651402513, 0.2524015441353903, 0.2913124710955176, 0.324173702533133, 0.35302971897280044, 0.372577436600531, 0.3863336770725993, 0.39141328884300813, 0.3839990547922135, 0.3718053107141764, 0.3460457915369592, 0.3179445429627064, 0.28399595557917234, 0.2438924577378337, 0.19988028563458504, 0.1580217935088788, 0.11882362923087038, 0.08179688154503462, 0.05137590838322123, 0.032115897808347074, 0.014139128319104735, 0.00876548201407021, 0.013802168131989352, 0.029917783274733295, 0.05702663830683302, 0.09350964527716911, 0.13521085515377057, 0.18584187564642007, 0.2406854774449639]
zo = [0.26781938529196647, 0.2228692878020137, 0.17940222455424978, 0.13405073209764878, 0.0951127280303397, 0.06044174615006356, 0.03422783359472177, 0.016567449439314628, 0.004131913759371493, 0.0043595117419293495, 0.017269239272307814, 0.038167438032606776, 0.06895230938938363, 0.10856900134565768, 0.15394057922079366, 0.20284226613387946, 0.25630092949087624, 0.30951709223992047, 0.3606553516447891, 0.40875963634403856, 0.45076167250408716, 0.48350502054981576, 0.513605042135585, 0.5283919529334308, 0.5359430221366001, 0.5309873645467664, 0.5152579812663263, 0.486894341613576, 0.4528795687768702, 0.4092673606514699, 0.3635752926518796, 0.30986667493962705, 0.25465219333420713, 0.20375667105336112, 0.15220542820864646, 0.10730556850961387, 0.06803792146641911, 0.039376433819909344, 0.01818582360780806, 0.005242426075533523, 0.006509490016324999, 0.013221098290168876, 0.03410778291511207, 0.06062864502770592, 0.09186078359993304, 0.1330804079391226, 0.1785355708436472, 0.22216347213470272, 0.26701511833889013, 0.3079848601866908, 0.34501961608796533, 0.3742182754709844, 0.39996632632942614, 0.4129938902958366, 0.41836873817254516, 0.41240475395229576, 0.39915118746170036, 0.37618599299678157, 0.34617009577044744, 0.30822804335499654, 0.2674962999159952]
oz = [0.37646119057189936, 0.32072091930547525, 0.2618763913276518, 0.21113969564657675, 0.16124550063747806, 0.11547958022309382, 0.07495458604078672, 0.045223462463358725, 0.020167626854495666, 0.006352740414230284, 0.005534545886071485, 0.012491589775235738, 0.03120062403613437, 0.05663235331580138, 0.09103333337674506, 0.12572355973134777, 0.1682733159408931, 0.21284684771884615, 0.25735825230963827, 0.29875739859261774, 0.33501875138871795, 0.3655224107812701, 0.388385210661744, 0.40129986226592007, 0.405807187982934, 0.401693664500072, 0.38572490394200504, 0.36473278479542637, 0.33611940022469855, 0.2989904103025224, 0.25674081222463935, 0.21472510236680267, 0.1724121931502795, 0.12758024376317328, 0.08980775403670661, 0.05783536274994844, 0.030097964405039233, 0.015007308294036686, 0.004706739239236975, 0.007124905901354958, 0.022956722214293797, 0.044870370913841065, 0.07591193962415162, 0.11559301339973065, 0.16225616240115243, 0.21457494357158544, 0.2674711004532151, 0.32289670173537466, 0.37575107296783106, 0.4260795527976196, 0.468703011206865, 0.5035634281142536, 0.5301908775074158, 0.5486830088064816, 0.5531706772766752, 0.5477235928178842, 0.5311175151706009, 0.5038072439614476, 0.4687375641823405, 0.4256715320858514, 0.3750710048583232]
oo = [0.11961677293747817, 0.1592864127891413, 0.19725916983316868, 0.24144170598755993, 0.2840012987040256, 0.3215574814447492, 0.350499532317711, 0.3719923933947863, 0.3881081958028445, 0.3951404993263698, 0.3880081295795826, 0.3775243285436551, 0.3538091351619515, 0.32671824972646185, 0.2915806949722053, 0.25546774485389867, 0.21364641815562918, 0.17167889335234027, 0.1309034969290448, 0.09554601473187768, 0.06684294114803413, 0.04340693264422339, 0.027831086799839113, 0.02502639807257298, 0.02965501836253801, 0.04423268631755383, 0.06985657873509112, 0.10574715833716852, 0.147173518240498, 0.19778591995121128, 0.2484057915242783, 0.3062418881377187, 0.3634437849916968, 0.4162546008017972, 0.46666975868523763, 0.5106772191936645, 0.5488295722830654, 0.5725582158747796, 0.5907656705844766, 0.5962147222675819, 0.5865269124428962, 0.5700496709512106, 0.5439299641991324, 0.5058292758294168, 0.46143586225440375, 0.4084463588499287, 0.3541082895480182, 0.2965527905693216, 0.2384019381449674, 0.18413418310812285, 0.1348954752624337, 0.09009782897754327, 0.05569607587235845, 0.029553101196276715, 0.014653915475739637, 0.009197262122632062, 0.01269938331354302, 0.026492684990355005, 0.04986821726932367, 0.08024184424134424, 0.11674287054409972]
minima = -0.9430741459714541
coord = [54, 15]
