For contourf:
gamma_vec = [0.         0.05235988 0.10471976 0.15707963 0.20943951 0.26179939
 0.31415927 0.36651914 0.41887902 0.4712389  0.52359878 0.57595865
 0.62831853 0.68067841 0.73303829 0.78539816 0.83775804 0.89011792
 0.9424778  0.99483767 1.04719755 1.09955743 1.15191731 1.20427718
 1.25663706 1.30899694 1.36135682 1.41371669 1.46607657 1.51843645
 1.57079633 1.6231562  1.67551608 1.72787596 1.78023584 1.83259571
 1.88495559 1.93731547 1.98967535 2.04203522 2.0943951  2.14675498
 2.19911486 2.25147474 2.30383461 2.35619449 2.40855437 2.46091425
 2.51327412 2.565634   2.61799388 2.67035376 2.72271363 2.77507351
 2.82743339 2.87979327 2.93215314 2.98451302 3.0368729  3.08923278
 3.14159265]
beta_vec = [0.         0.05235988 0.10471976 0.15707963 0.20943951 0.26179939
 0.31415927 0.36651914 0.41887902 0.4712389  0.52359878 0.57595865
 0.62831853 0.68067841 0.73303829 0.78539816 0.83775804 0.89011792
 0.9424778  0.99483767 1.04719755 1.09955743 1.15191731 1.20427718
 1.25663706 1.30899694 1.36135682 1.41371669 1.46607657 1.51843645
 1.57079633 1.6231562  1.67551608 1.72787596 1.78023584 1.83259571
 1.88495559 1.93731547 1.98967535 2.04203522 2.0943951  2.14675498
 2.19911486 2.25147474 2.30383461 2.35619449 2.40855437 2.46091425
 2.51327412 2.565634   2.61799388 2.67035376 2.72271363 2.77507351
 2.82743339 2.87979327 2.93215314 2.98451302 3.0368729  3.08923278
 3.14159265]
exp_mat = [[-4.19148822e-02 -6.51160992e-02 -8.78605175e-02 -1.10702222e-01
  -1.33910131e-01 -1.55578129e-01 -1.76557252e-01 -1.96724252e-01
  -2.13810301e-01 -2.30476454e-01 -2.47395171e-01 -2.60422097e-01
  -2.69509352e-01 -2.79410624e-01 -2.81941572e-01 -2.90566457e-01
  -2.90499054e-01 -2.87284613e-01 -2.84715588e-01 -2.78402840e-01
  -2.69666915e-01 -2.59812564e-01 -2.44887411e-01 -2.37644402e-01
  -2.16654596e-01 -1.97366341e-01 -1.77189306e-01 -1.59868977e-01
  -1.35111708e-01 -1.13511276e-01 -8.92840660e-02 -6.57137789e-02
  -4.34279558e-02 -1.95353263e-02  2.81307454e-03  2.46926019e-02
   4.57020788e-02  6.20164714e-02  8.21024774e-02  9.67659762e-02
   1.14206683e-01  1.23764580e-01  1.34958418e-01  1.43709793e-01
   1.48428317e-01  1.55849684e-01  1.55761582e-01  1.52199015e-01
   1.49355337e-01  1.44069266e-01  1.35129596e-01  1.23354858e-01
   1.10536849e-01  9.52206724e-02  8.11724900e-02  6.16722075e-02
   4.30747945e-02  2.19167394e-02 -7.50198340e-05 -2.23907758e-02
  -4.53699930e-02]
 [-3.75275247e-02 -3.99085620e-02 -4.17145848e-02 -4.63653836e-02
  -5.13769952e-02 -5.65703244e-02 -5.91462303e-02 -6.46871554e-02
  -6.84224100e-02 -7.16928362e-02 -7.65605493e-02 -8.07785688e-02
  -8.63132044e-02 -8.89163797e-02 -9.27622032e-02 -9.50280368e-02
  -1.00621157e-01 -1.00312919e-01 -1.03481971e-01 -1.06467872e-01
  -1.07582364e-01 -1.08506998e-01 -1.09135007e-01 -1.10082305e-01
  -1.09520800e-01 -1.08983705e-01 -1.07052838e-01 -1.07628918e-01
  -1.03809619e-01 -1.02086226e-01 -1.02957290e-01 -9.91456376e-02
  -9.30177962e-02 -9.12649489e-02 -8.87901335e-02 -8.20442633e-02
  -7.83769614e-02 -7.55279737e-02 -7.00620241e-02 -6.78000611e-02
  -6.11710165e-02 -5.65638960e-02 -5.29805103e-02 -5.05277446e-02
  -4.72314162e-02 -4.45080475e-02 -4.04645519e-02 -3.76934935e-02
  -3.65245588e-02 -3.46378958e-02 -3.33358751e-02 -3.25279979e-02
  -3.13435425e-02 -3.12621973e-02 -3.14573593e-02 -3.17087547e-02
  -3.32784538e-02 -3.48672635e-02 -3.67479509e-02 -3.91105052e-02
  -4.13157821e-02]
 [-3.11111743e-02 -1.22237423e-02  4.86839316e-03  1.92582261e-02
   3.35011936e-02  4.82567459e-02  6.36851365e-02  7.56817560e-02
   8.45405003e-02  9.36280138e-02  9.98878524e-02  1.05215959e-01
   1.06777431e-01  1.07926329e-01  1.06754089e-01  1.04935684e-01
   9.96703759e-02  9.20034569e-02  8.35702215e-02  7.34564107e-02
   6.15471650e-02  4.94113455e-02  3.44503644e-02  2.00183366e-02
   1.35283166e-03 -1.50330792e-02 -3.19559162e-02 -5.10749396e-02
  -6.81081593e-02 -8.75305660e-02 -1.04872954e-01 -1.24706850e-01
  -1.40300225e-01 -1.56093791e-01 -1.72891362e-01 -1.85800662e-01
  -1.98999993e-01 -2.10160389e-01 -2.22200886e-01 -2.24646683e-01
  -2.35288508e-01 -2.40717163e-01 -2.44011013e-01 -2.44722403e-01
  -2.43796926e-01 -2.41582332e-01 -2.37421097e-01 -2.27718401e-01
  -2.21763179e-01 -2.12250607e-01 -1.96736434e-01 -1.88630279e-01
  -1.73280562e-01 -1.57018336e-01 -1.42345448e-01 -1.25230384e-01
  -1.07504183e-01 -9.00454092e-02 -7.14578817e-02 -5.36732040e-02
  -3.43345547e-02]
 [-2.21022648e-02  1.59430174e-02  5.20676454e-02  8.63148422e-02
   1.22450663e-01  1.54947098e-01  1.86497030e-01  2.12257594e-01
   2.34810296e-01  2.57259019e-01  2.75413947e-01  2.89179888e-01
   2.97413975e-01  3.04139413e-01  3.03907848e-01  3.01490375e-01
   2.94420149e-01  2.85709847e-01  2.71009726e-01  2.56042257e-01
   2.31829623e-01  2.09114411e-01  1.82263128e-01  1.49631005e-01
   1.18814044e-01  8.53588367e-02  4.76507499e-02  1.15928177e-02
  -2.59397306e-02 -6.32554864e-02 -1.03695895e-01 -1.40139861e-01
  -1.75664435e-01 -2.11450016e-01 -2.46525968e-01 -2.78048351e-01
  -3.07318588e-01 -3.36254535e-01 -3.60431839e-01 -3.74523259e-01
  -3.93185739e-01 -4.12260953e-01 -4.18606781e-01 -4.27406984e-01
  -4.26211922e-01 -4.24658049e-01 -4.18646119e-01 -4.06010586e-01
  -3.93930426e-01 -3.75376816e-01 -3.57071774e-01 -3.33970056e-01
  -3.03500830e-01 -2.75772467e-01 -2.45483208e-01 -2.11752713e-01
  -1.76443381e-01 -1.39125822e-01 -1.01078831e-01 -6.44625262e-02
  -2.61237790e-02]
 [-1.18904041e-02  4.42903465e-02  9.94277394e-02  1.52143355e-01
   2.03445552e-01  2.52217053e-01  2.96978281e-01  3.38540561e-01
   3.75124189e-01  4.05131668e-01  4.32238521e-01  4.57919624e-01
   4.73964679e-01  4.81397146e-01  4.88825653e-01  4.85456257e-01
   4.80464840e-01  4.63271538e-01  4.43067072e-01  4.25035750e-01
   3.90642625e-01  3.56616863e-01  3.20801756e-01  2.78410299e-01
   2.30565101e-01  1.82433111e-01  1.31112937e-01  7.59251976e-02
   2.05880263e-02 -3.51298631e-02 -9.03749474e-02 -1.47579402e-01
  -2.01446248e-01 -2.55766701e-01 -3.08234121e-01 -3.53200395e-01
  -3.91788061e-01 -4.37901621e-01 -4.78730951e-01 -5.07895674e-01
  -5.33423644e-01 -5.56710775e-01 -5.68481960e-01 -5.85090966e-01
  -5.83756146e-01 -5.91289196e-01 -5.80765537e-01 -5.68516958e-01
  -5.49638026e-01 -5.21941585e-01 -4.90742510e-01 -4.58543741e-01
  -4.22678726e-01 -3.79386328e-01 -3.32173239e-01 -2.87048540e-01
  -2.34612069e-01 -1.81633371e-01 -1.26463197e-01 -7.09553372e-02
  -1.56105414e-02]
 [-8.05572675e-04  7.11626005e-02  1.41087225e-01  2.08724192e-01
   2.75749172e-01  3.35135832e-01  3.94012194e-01  4.48205013e-01
   4.97981796e-01  5.41650443e-01  5.74426729e-01  6.03908769e-01
   6.26369816e-01  6.43997638e-01  6.45211566e-01  6.47981968e-01
   6.39123271e-01  6.27535829e-01  6.00463485e-01  5.74505711e-01
   5.38597896e-01  4.93427524e-01  4.45685488e-01  3.90343892e-01
   3.33121777e-01  2.67557809e-01  2.05426760e-01  1.36087984e-01
   6.65842956e-02 -7.12047476e-03 -7.59769660e-02 -1.43885975e-01
  -2.13285136e-01 -2.87649343e-01 -3.54300605e-01 -4.11120027e-01
  -4.66638555e-01 -5.24915826e-01 -5.67062305e-01 -6.13326578e-01
  -6.48137247e-01 -6.70324068e-01 -6.94988376e-01 -7.16318730e-01
  -7.25003468e-01 -7.18886600e-01 -7.04335149e-01 -6.95651086e-01
  -6.75374845e-01 -6.48512276e-01 -6.06559843e-01 -5.71305577e-01
  -5.17214884e-01 -4.68694281e-01 -4.06734481e-01 -3.48080571e-01
  -2.83673232e-01 -2.13646712e-01 -1.45691392e-01 -7.49868524e-02
  -3.57428689e-03]
 [ 1.08415905e-02  9.52878182e-02  1.79222411e-01  2.59808519e-01
   3.36071589e-01  4.09606719e-01  4.80128948e-01  5.43568436e-01
   6.01152871e-01  6.51997338e-01  6.93948965e-01  7.29473405e-01
   7.57567566e-01  7.63599447e-01  7.77473467e-01  7.81646111e-01
   7.74334830e-01  7.62042517e-01  7.37076495e-01  6.97432526e-01
   6.58221303e-01  6.07590524e-01  5.53943113e-01  4.94866239e-01
   4.19209178e-01  3.46832270e-01  2.69327981e-01  1.93475365e-01
   1.10333074e-01  2.83136818e-02 -5.57088134e-02 -1.42460424e-01
  -2.24217706e-01 -3.01258350e-01 -3.77340494e-01 -4.56709773e-01
  -5.25105660e-01 -5.88630637e-01 -6.44196870e-01 -6.81483817e-01
  -7.28590685e-01 -7.68597980e-01 -7.95947202e-01 -8.12242584e-01
  -8.19403446e-01 -8.19771680e-01 -8.20619653e-01 -7.96180427e-01
  -7.61204228e-01 -7.37681258e-01 -6.99688439e-01 -6.53163574e-01
  -5.96100131e-01 -5.32553765e-01 -4.63610809e-01 -3.95084596e-01
  -3.19506700e-01 -2.39555662e-01 -1.58494527e-01 -7.46862294e-02
   9.09296035e-03]
 [ 2.26815519e-02  1.16923840e-01  2.06827554e-01  2.98930509e-01
   3.82168407e-01  4.65953293e-01  5.41289778e-01  6.08970711e-01
   6.70954425e-01  7.34298855e-01  7.82205105e-01  8.23491347e-01
   8.48522098e-01  8.77563679e-01  8.83833167e-01  8.76486519e-01
   8.80864986e-01  8.61025354e-01  8.22570757e-01  7.97456830e-01
   7.44078408e-01  6.93796111e-01  6.33007197e-01  5.68858852e-01
   4.95614938e-01  4.17414978e-01  3.29311990e-01  2.41127335e-01
   1.51161189e-01  5.92745403e-02 -3.39614798e-02 -1.24383296e-01
  -2.18957536e-01 -3.09769824e-01 -3.83997384e-01 -4.70895621e-01
  -5.51314129e-01 -6.18582828e-01 -6.77500526e-01 -7.35748197e-01
  -7.85796217e-01 -8.18019477e-01 -8.44729318e-01 -8.76782409e-01
  -8.86458592e-01 -8.89800403e-01 -8.77320082e-01 -8.60891027e-01
  -8.39661080e-01 -7.93483705e-01 -7.55898429e-01 -7.04058039e-01
  -6.43150233e-01 -5.72521293e-01 -5.01042409e-01 -4.23109677e-01
  -3.37589127e-01 -2.49448083e-01 -1.62587493e-01 -7.03166839e-02
   2.19489647e-02]
 [ 3.42384677e-02  1.31508892e-01  2.27589161e-01  3.21936543e-01
   4.13054860e-01  5.00474264e-01  5.82770597e-01  6.54248353e-01
   7.24387936e-01  7.77906985e-01  8.38812373e-01  8.80493729e-01
   9.14009049e-01  9.37175422e-01  9.41073270e-01  9.51397843e-01
   9.32720666e-01  9.19758410e-01  8.94541626e-01  8.58663278e-01
   8.16597695e-01  7.54530071e-01  6.99470608e-01  6.20250831e-01
   5.41955509e-01  4.64432173e-01  3.75688460e-01  2.81415299e-01
   1.87521274e-01  8.93025057e-02 -7.97900993e-03 -1.03944969e-01
  -2.01381537e-01 -2.92257707e-01 -3.85319105e-01 -4.68949211e-01
  -5.50190460e-01 -6.18499970e-01 -6.89436982e-01 -7.46425221e-01
  -8.06218730e-01 -8.45269492e-01 -8.75570513e-01 -8.91274563e-01
  -9.13445042e-01 -9.06997102e-01 -9.08154794e-01 -8.87187479e-01
  -8.67221670e-01 -8.30031693e-01 -7.78743082e-01 -7.16141001e-01
  -6.62335444e-01 -5.93923553e-01 -5.15537298e-01 -4.33006908e-01
  -3.42324357e-01 -2.52762350e-01 -1.58884106e-01 -6.21319898e-02
   3.22644820e-02]
 [ 4.37831370e-02  1.43178052e-01  2.40991534e-01  3.32952533e-01
   4.27869519e-01  5.15921246e-01  5.92245555e-01  6.71386112e-01
   7.44845897e-01  8.02472932e-01  8.52815846e-01  8.91126785e-01
   9.32060016e-01  9.52859732e-01  9.73325221e-01  9.78635321e-01
   9.49470439e-01  9.48117215e-01  9.21603402e-01  8.83804522e-01
   8.37694839e-01  7.73294198e-01  7.27162607e-01  6.50967033e-01
   5.74536454e-01  4.91618287e-01  4.07600885e-01  3.13754209e-01
   2.14290369e-01  1.20677579e-01  2.14376369e-02 -7.35288877e-02
  -1.75069999e-01 -2.69106882e-01 -3.59898941e-01 -4.44595604e-01
  -5.23266227e-01 -6.04923486e-01 -6.65807072e-01 -7.31810861e-01
  -7.75357572e-01 -8.28074600e-01 -8.52895364e-01 -8.80752645e-01
  -8.97579038e-01 -9.03197002e-01 -8.89359310e-01 -8.73448817e-01
  -8.47038982e-01 -8.07675890e-01 -7.64181579e-01 -7.10337518e-01
  -6.46526967e-01 -5.76982090e-01 -5.00589365e-01 -4.18393068e-01
  -3.30769771e-01 -2.40484364e-01 -1.46845025e-01 -5.04102858e-02
   4.67858094e-02]
 [ 5.35425160e-02  1.48213089e-01  2.40577360e-01  3.34100032e-01
   4.20746969e-01  5.04682812e-01  5.88241782e-01  6.53386253e-01
   7.26350478e-01  7.89716310e-01  8.40620966e-01  8.82721825e-01
   9.14662124e-01  9.37740970e-01  9.50370489e-01  9.52181441e-01
   9.52292155e-01  9.34372126e-01  9.04765379e-01  8.82019096e-01
   8.37504019e-01  7.83392585e-01  7.16866198e-01  6.59417849e-01
   5.83129466e-01  4.99892275e-01  4.17320935e-01  3.30166976e-01
   2.39483146e-01  1.45522451e-01  5.08029205e-02 -4.15827962e-02
  -1.36170516e-01 -2.22118559e-01 -3.12630416e-01 -3.99071303e-01
  -4.76136710e-01 -5.43746391e-01 -6.11023384e-01 -6.74925847e-01
  -7.21129815e-01 -7.63730986e-01 -7.90294302e-01 -8.21580791e-01
  -8.42431379e-01 -8.39529504e-01 -8.39828498e-01 -8.15024541e-01
  -7.90231275e-01 -7.55943228e-01 -7.12286606e-01 -6.70220100e-01
  -6.01574311e-01 -5.41066824e-01 -4.64827136e-01 -3.90472529e-01
  -3.03177155e-01 -2.18210083e-01 -1.26751939e-01 -3.57448490e-02
   5.65902760e-02]
 [ 6.05579025e-02  1.47147738e-01  2.34939936e-01  3.17080018e-01
   3.96372553e-01  4.75796773e-01  5.53494735e-01  6.22235475e-01
   6.82546140e-01  7.37509023e-01  7.76894067e-01  8.23151820e-01
   8.56085607e-01  8.80432364e-01  8.94114736e-01  8.98682952e-01
   8.93270571e-01  8.76236077e-01  8.63195582e-01  8.24537028e-01
   7.93409373e-01  7.44759731e-01  6.92885386e-01  6.32360349e-01
   5.61708531e-01  4.95843746e-01  4.16569420e-01  3.32323399e-01
   2.52298214e-01  1.66490273e-01  8.16795266e-02 -4.98903115e-03
  -8.92513612e-02 -1.72708917e-01 -2.53693598e-01 -3.31492350e-01
  -4.03985297e-01 -4.66034397e-01 -5.28913293e-01 -5.88561203e-01
  -6.36673148e-01 -6.71324839e-01 -7.06484025e-01 -7.30608089e-01
  -7.43003252e-01 -7.41736648e-01 -7.42325329e-01 -7.28667601e-01
  -7.06991190e-01 -6.77492391e-01 -6.39735343e-01 -5.93425499e-01
  -5.40534711e-01 -4.77417459e-01 -4.11686295e-01 -3.40628944e-01
  -2.63762687e-01 -1.84895303e-01 -1.03111906e-01 -1.96199072e-02
   6.73749787e-02]
 [ 6.56946234e-02  1.41393951e-01  2.15465221e-01  2.89443444e-01
   3.59146980e-01  4.27764290e-01  4.91731713e-01  5.53504707e-01
   6.03186595e-01  6.57715944e-01  6.99125792e-01  7.32352692e-01
   7.59271871e-01  7.86775343e-01  8.01813769e-01  7.98796432e-01
   8.00290054e-01  7.96083688e-01  7.66681521e-01  7.48135527e-01
   7.17487430e-01  6.74861945e-01  6.29546245e-01  5.80703405e-01
   5.23765542e-01  4.59459412e-01  3.97701140e-01  3.31197066e-01
   2.56476319e-01  1.83428692e-01  1.08583990e-01  3.44224356e-02
  -3.97065351e-02 -1.12365935e-01 -1.80479003e-01 -2.48033400e-01
  -3.11154877e-01 -3.70229234e-01 -4.19410606e-01 -4.73822258e-01
  -5.11996539e-01 -5.41926647e-01 -5.77541381e-01 -5.92436579e-01
  -6.07520372e-01 -6.17248890e-01 -6.16975217e-01 -6.03844017e-01
  -5.83146972e-01 -5.61473637e-01 -5.29943898e-01 -4.93080083e-01
  -4.42167710e-01 -3.92545848e-01 -3.37592333e-01 -2.74603954e-01
  -2.12453264e-01 -1.43788198e-01 -7.23984578e-02  7.12450977e-04
   7.30208937e-02]
 [ 6.98012199e-02  1.29146885e-01  1.88700375e-01  2.47779326e-01
   3.04746397e-01  3.58517368e-01  4.13012740e-01  4.64611755e-01
   5.05203188e-01  5.48722074e-01  5.84775894e-01  6.09248114e-01
   6.38412920e-01  6.56544872e-01  6.69945388e-01  6.69596831e-01
   6.67508904e-01  6.70362446e-01  6.58622848e-01  6.40288190e-01
   6.04217138e-01  5.79124651e-01  5.47385334e-01  5.03478853e-01
   4.67208183e-01  4.20907977e-01  3.65874925e-01  3.09600833e-01
   2.51603093e-01  1.94566395e-01  1.35729899e-01  7.69873857e-02
   1.82957507e-02 -3.87257285e-02 -9.74894601e-02 -1.52357515e-01
  -2.02514217e-01 -2.49549598e-01 -2.95889445e-01 -3.29400433e-01
  -3.68901429e-01 -4.00006274e-01 -4.23249984e-01 -4.39651434e-01
  -4.51420560e-01 -4.58311970e-01 -4.53870233e-01 -4.48614613e-01
  -4.38222419e-01 -4.16571599e-01 -3.96767633e-01 -3.64964038e-01
  -3.31391244e-01 -2.93799213e-01 -2.48255695e-01 -2.00502337e-01
  -1.48578985e-01 -9.37839386e-02 -3.78622621e-02  1.99616608e-02
   7.84814609e-02]
 [ 7.01618529e-02  1.12162563e-01  1.55344937e-01  1.96375437e-01
   2.40114825e-01  2.77796286e-01  3.17983632e-01  3.52229756e-01
   3.81570099e-01  4.15688930e-01  4.39696332e-01  4.65655218e-01
   4.84508818e-01  5.01749775e-01  5.10148485e-01  5.09937354e-01
   5.17434160e-01  5.16292834e-01  5.12920232e-01  4.99094740e-01
   4.84508602e-01  4.58084875e-01  4.39422193e-01  4.13640331e-01
   3.86990145e-01  3.51573763e-01  3.18235898e-01  2.80588787e-01
   2.42743466e-01  2.00299651e-01  1.57811568e-01  1.15018958e-01
   7.48057715e-02  3.24016238e-02 -7.76337818e-03 -4.67787332e-02
  -8.45660145e-02 -1.20049996e-01 -1.51899770e-01 -1.78970948e-01
  -2.06463714e-01 -2.29800087e-01 -2.47169212e-01 -2.62977438e-01
  -2.73219944e-01 -2.78959867e-01 -2.80846507e-01 -2.77795328e-01
  -2.70456926e-01 -2.58466109e-01 -2.43951217e-01 -2.21748550e-01
  -2.02225959e-01 -1.76091045e-01 -1.45676514e-01 -1.12796811e-01
  -7.67915223e-02 -4.01516122e-02 -7.99899719e-04  3.87174398e-02
   8.04565618e-02]
 [ 6.90030329e-02  9.15638499e-02  1.15742713e-01  1.39220055e-01
   1.62890662e-01  1.85040648e-01  2.06181111e-01  2.29548926e-01
   2.49939437e-01  2.65457465e-01  2.84751309e-01  2.98019420e-01
   3.14460992e-01  3.23091986e-01  3.34890108e-01  3.42871915e-01
   3.44991242e-01  3.47022022e-01  3.45861929e-01  3.43596250e-01
   3.38007004e-01  3.28952682e-01  3.20127081e-01  3.05621713e-01
   2.89400240e-01  2.75013697e-01  2.57900159e-01  2.39889040e-01
   2.20842843e-01  1.97905133e-01  1.74623906e-01  1.54326041e-01
   1.29892094e-01  1.08297669e-01  8.51311226e-02  6.25297854e-02
   4.08792424e-02  2.00184813e-02  1.00802873e-03 -1.75517184e-02
  -3.44129382e-02 -4.78404783e-02 -6.20057075e-02 -7.14827010e-02
  -7.93207325e-02 -8.61098466e-02 -8.95768588e-02 -9.02686482e-02
  -8.93704478e-02 -8.77989007e-02 -8.04424981e-02 -7.30278019e-02
  -6.29002477e-02 -5.07122646e-02 -3.60030668e-02 -2.05338249e-02
  -2.43465952e-03  1.68424939e-02  3.71058791e-02  5.71691721e-02
   7.91621091e-02]
 [ 6.44681345e-02  6.74672403e-02  7.15322399e-02  7.54110654e-02
   8.05236428e-02  8.46818654e-02  9.22011096e-02  9.79438607e-02
   1.03163501e-01  1.11121963e-01  1.16168272e-01  1.23897074e-01
   1.28373672e-01  1.35602584e-01  1.44592327e-01  1.50838704e-01
   1.56878203e-01  1.61847378e-01  1.66115201e-01  1.71537069e-01
   1.77791039e-01  1.78872783e-01  1.84024825e-01  1.85918602e-01
   1.91312116e-01  1.88489418e-01  1.92674708e-01  1.89178137e-01
   1.91018333e-01  1.88606041e-01  1.87535558e-01  1.86929804e-01
   1.83230144e-01  1.80149267e-01  1.75829711e-01  1.71546271e-01
   1.64619086e-01  1.59428278e-01  1.52043807e-01  1.49830793e-01
   1.42547570e-01  1.35463994e-01  1.30389882e-01  1.24247071e-01
   1.16843535e-01  1.12435233e-01  1.06125540e-01  1.00420058e-01
   9.59003998e-02  9.17256976e-02  8.51804008e-02  8.29245263e-02
   7.92709924e-02  7.77344809e-02  7.59594162e-02  7.47107181e-02
   7.30396515e-02  7.39180247e-02  7.46236462e-02  7.60111857e-02
   7.79232332e-02]
 [ 5.89040072e-02  4.12508989e-02  2.43525553e-02  8.35832344e-03
  -5.63007877e-03 -1.77235015e-02 -2.81078630e-02 -3.75130449e-02
  -4.43403257e-02 -5.10637109e-02 -5.63138960e-02 -5.78981270e-02
  -5.72818057e-02 -5.47741260e-02 -5.17209198e-02 -4.47315513e-02
  -3.61282933e-02 -2.84195111e-02 -1.55348493e-02 -3.70232215e-03
   1.04325930e-02  2.57642296e-02  4.27699309e-02  6.23531545e-02
   8.08655551e-02  9.96083888e-02  1.18287514e-01  1.38760328e-01
   1.58539160e-01  1.78856897e-01  1.97580004e-01  2.12831823e-01
   2.29024614e-01  2.44247335e-01  2.60359129e-01  2.74152275e-01
   2.85698728e-01  2.97833730e-01  3.02993744e-01  3.04135609e-01
   3.10778722e-01  3.15078392e-01  3.18167257e-01  3.15815039e-01
   3.11404311e-01  3.02372719e-01  2.99495616e-01  2.87828512e-01
   2.79449954e-01  2.65730013e-01  2.52262826e-01  2.37637016e-01
   2.20403254e-01  2.03337077e-01  1.85066132e-01  1.66553978e-01
   1.46268386e-01  1.26425819e-01  1.07952304e-01  9.02001776e-02
   7.18089416e-02]
 [ 5.03141918e-02  1.40649609e-02 -2.26011897e-02 -5.63033321e-02
  -8.80158721e-02 -1.18953767e-01 -1.45022113e-01 -1.69418373e-01
  -1.91866077e-01 -2.08639138e-01 -2.24757748e-01 -2.34266299e-01
  -2.42460884e-01 -2.44633474e-01 -2.41419488e-01 -2.36041460e-01
  -2.27449959e-01 -2.13534002e-01 -1.98601886e-01 -1.77275423e-01
  -1.54641224e-01 -1.25288458e-01 -9.70663689e-02 -6.36308196e-02
  -3.05492028e-02  6.26687055e-03  3.98745302e-02  7.67227435e-02
   1.17634558e-01  1.56122711e-01  1.92791016e-01  2.33099807e-01
   2.69047916e-01  3.03342626e-01  3.38103302e-01  3.68423274e-01
   3.95135152e-01  4.21155186e-01  4.40249827e-01  4.57358911e-01
   4.70385334e-01  4.82674116e-01  4.92512543e-01  4.96977676e-01
   4.92973750e-01  4.90701659e-01  4.79821812e-01  4.66781873e-01
   4.48292702e-01  4.26140248e-01  4.08065693e-01  3.80100705e-01
   3.47520077e-01  3.19452678e-01  2.88379635e-01  2.51638286e-01
   2.15696591e-01  1.78251830e-01  1.39982649e-01  1.01197098e-01
   6.46135174e-02]
 [ 4.21686369e-02 -1.25602899e-02 -6.57748861e-02 -1.18077543e-01
  -1.67949433e-01 -2.12949430e-01 -2.52520282e-01 -2.92925378e-01
  -3.26106576e-01 -3.56956254e-01 -3.82475856e-01 -3.99513469e-01
  -4.12644349e-01 -4.16144664e-01 -4.20566062e-01 -4.14947857e-01
  -3.99614470e-01 -3.88841898e-01 -3.65855458e-01 -3.39833592e-01
  -3.04430034e-01 -2.72281642e-01 -2.30202239e-01 -1.84274946e-01
  -1.35428849e-01 -8.58759877e-02 -3.24854558e-02  2.19242643e-02
   7.57856259e-02  1.33071537e-01  1.88841228e-01  2.42926291e-01
   3.00016024e-01  3.52259967e-01  3.98168102e-01  4.38465717e-01
   4.85679584e-01  5.25715656e-01  5.55142846e-01  5.84652697e-01
   6.17924577e-01  6.34470851e-01  6.43802609e-01  6.52300235e-01
   6.50246306e-01  6.50683853e-01  6.44057983e-01  6.26372494e-01
   5.98107983e-01  5.75767095e-01  5.45294682e-01  5.09277097e-01
   4.62691125e-01  4.24397253e-01  3.76680457e-01  3.26396800e-01
   2.75618256e-01  2.21122301e-01  1.65950512e-01  1.10892693e-01
   5.50034448e-02]
 [ 3.10936287e-02 -3.86082395e-02 -1.08541031e-01 -1.74922068e-01
  -2.38246021e-01 -2.94908081e-01 -3.51369850e-01 -4.03452950e-01
  -4.47375475e-01 -4.88748206e-01 -5.15244629e-01 -5.45125963e-01
  -5.59290622e-01 -5.75271984e-01 -5.73605548e-01 -5.71453496e-01
  -5.56481821e-01 -5.43336965e-01 -5.17774930e-01 -4.85448391e-01
  -4.41959539e-01 -4.02721459e-01 -3.49415024e-01 -2.91177594e-01
  -2.34621064e-01 -1.73170137e-01 -1.05448772e-01 -3.58981651e-02
   3.48805254e-02  1.05949015e-01  1.76533844e-01  2.46168166e-01
   3.20167952e-01  3.78697666e-01  4.50143928e-01  5.09590368e-01
   5.63615784e-01  6.16493885e-01  6.57858116e-01  6.96499689e-01
   7.25947693e-01  7.58091938e-01  7.73391660e-01  7.78857299e-01
   7.89356442e-01  7.78583119e-01  7.74832490e-01  7.58323528e-01
   7.32835063e-01  7.03011817e-01  6.64257752e-01  6.18141827e-01
   5.64564367e-01  5.10159596e-01  4.51501174e-01  3.90661413e-01
   3.22026293e-01  2.53526855e-01  1.85446896e-01  1.14801407e-01
   4.37169732e-02]
 [ 2.11960768e-02 -6.23960117e-02 -1.42730295e-01 -2.20288869e-01
  -2.96572220e-01 -3.68689225e-01 -4.34020929e-01 -4.93475508e-01
  -5.47842716e-01 -5.92293863e-01 -6.28301932e-01 -6.62269943e-01
  -6.88887160e-01 -7.04831719e-01 -7.09461894e-01 -6.97151850e-01
  -6.94594451e-01 -6.71849696e-01 -6.45783157e-01 -6.07273178e-01
  -5.61731691e-01 -5.13267553e-01 -4.54092691e-01 -3.87371383e-01
  -3.20686418e-01 -2.44395565e-01 -1.68072453e-01 -8.87977672e-02
  -7.99251053e-03  7.67707753e-02  1.58584298e-01  2.42017006e-01
   3.19263212e-01  3.97705049e-01  4.72124502e-01  5.50551967e-01
   6.12851677e-01  6.77752921e-01  7.30231545e-01  7.74769455e-01
   8.20233254e-01  8.47417889e-01  8.59396595e-01  8.82248521e-01
   8.82740288e-01  8.76961318e-01  8.78444362e-01  8.50764713e-01
   8.26635663e-01  7.93360153e-01  7.41733699e-01  6.96375744e-01
   6.41868711e-01  5.79156772e-01  5.02189941e-01  4.37076178e-01
   3.58948228e-01  2.78941655e-01  1.98200123e-01  1.15319683e-01
   3.28144082e-02]
 [ 1.04457236e-02 -8.15617610e-02 -1.70579343e-01 -2.58522977e-01
  -3.40726762e-01 -4.17529992e-01 -4.94334109e-01 -5.58207070e-01
  -6.17662225e-01 -6.73873801e-01 -7.16281926e-01 -7.48513875e-01
  -7.78613838e-01 -7.93906222e-01 -8.09491251e-01 -8.03519443e-01
  -7.92805638e-01 -7.71763072e-01 -7.42983783e-01 -6.98997746e-01
  -6.51535503e-01 -5.94485343e-01 -5.35059684e-01 -4.65043132e-01
  -3.90373428e-01 -3.07326614e-01 -2.26355814e-01 -1.35389200e-01
  -5.06798228e-02  4.73173647e-02  1.33951762e-01  2.24536148e-01
   3.14896171e-01  4.06083385e-01  4.90265923e-01  5.68667203e-01
   6.36307193e-01  7.08354733e-01  7.71418694e-01  8.10773667e-01
   8.63529956e-01  8.88423776e-01  9.29685309e-01  9.30472643e-01
   9.55099322e-01  9.45813749e-01  9.34671634e-01  9.12213014e-01
   8.93195887e-01  8.51329734e-01  8.01861880e-01  7.42705264e-01
   6.85726587e-01  6.15418479e-01  5.43310650e-01  4.61760062e-01
   3.78207245e-01  2.91921271e-01  2.01675252e-01  1.11337072e-01
   2.00286068e-02]
 [-3.45473818e-04 -9.52015304e-02 -1.89133675e-01 -2.81271677e-01
  -3.70473259e-01 -4.52301088e-01 -5.26905844e-01 -6.01493297e-01
  -6.58325612e-01 -7.19039138e-01 -7.62645608e-01 -8.03915630e-01
  -8.34012471e-01 -8.60647489e-01 -8.63724028e-01 -8.58765620e-01
  -8.45949469e-01 -8.34061118e-01 -8.00542442e-01 -7.65505560e-01
  -7.08308000e-01 -6.57270778e-01 -5.83635754e-01 -5.19916043e-01
  -4.35832236e-01 -3.55055211e-01 -2.68146088e-01 -1.77256236e-01
  -8.32138864e-02  1.52299097e-02  1.08248763e-01  2.08940834e-01
   2.99542944e-01  3.92790533e-01  4.79332220e-01  5.67203371e-01
   6.41457383e-01  7.07927029e-01  7.73092518e-01  8.30916662e-01
   8.74308601e-01  9.13692304e-01  9.36558051e-01  9.67741202e-01
   9.77022692e-01  9.72657503e-01  9.67314178e-01  9.39884231e-01
   9.03035208e-01  8.72462005e-01  8.20148878e-01  7.64726846e-01
   6.99376546e-01  6.28279187e-01  5.52933364e-01  4.72311356e-01
   3.81730778e-01  2.93597057e-01  2.01026170e-01  1.03283272e-01
   9.82680951e-03]
 [-9.43124215e-03 -1.05497860e-01 -1.98370701e-01 -2.92183583e-01
  -3.81505927e-01 -4.64007601e-01 -5.39485860e-01 -6.14322193e-01
  -6.83722862e-01 -7.37334546e-01 -7.86428691e-01 -8.23665822e-01
  -8.57877363e-01 -8.71815302e-01 -8.86543676e-01 -8.83559753e-01
  -8.69537208e-01 -8.57512124e-01 -8.23418463e-01 -7.88463825e-01
  -7.30506457e-01 -6.77430963e-01 -6.18482071e-01 -5.34790103e-01
  -4.63269593e-01 -3.85562061e-01 -2.94840778e-01 -2.03768481e-01
  -1.11595951e-01 -1.34339107e-02  7.72309646e-02  1.74016899e-01
   2.70984750e-01  3.65735310e-01  4.50913959e-01  5.40047787e-01
   6.15516893e-01  6.85141545e-01  7.47728834e-01  8.06502452e-01
   8.49767301e-01  8.86937372e-01  9.10771975e-01  9.45655392e-01
   9.52178651e-01  9.52233908e-01  9.46335340e-01  9.23819892e-01
   8.92587441e-01  8.59423457e-01  8.06913100e-01  7.53101928e-01
   6.87431697e-01  6.21321786e-01  5.38140054e-01  4.57099737e-01
   3.69328330e-01  2.80297237e-01  1.87705603e-01  9.39925248e-02
  -3.01635328e-03]
 [-1.66461542e-02 -1.08889857e-01 -1.98781610e-01 -2.85456515e-01
  -3.74418107e-01 -4.51936477e-01 -5.25436100e-01 -5.97660032e-01
  -6.65534798e-01 -7.07851646e-01 -7.61935564e-01 -7.99192776e-01
  -8.29803540e-01 -8.48309238e-01 -8.67523004e-01 -8.65335292e-01
  -8.58934299e-01 -8.43574668e-01 -8.09986944e-01 -7.76515059e-01
  -7.24674286e-01 -6.70318356e-01 -6.12226641e-01 -5.46890993e-01
  -4.69271023e-01 -3.91555118e-01 -3.06212842e-01 -2.24098757e-01
  -1.31010532e-01 -4.42143433e-02  4.48875923e-02  1.40711554e-01
   2.33856945e-01  3.18317422e-01  4.00557939e-01  4.86021657e-01
   5.59478703e-01  6.32001868e-01  6.91337366e-01  7.43254731e-01
   7.95568125e-01  8.26413784e-01  8.65087460e-01  8.75826605e-01
   8.95773031e-01  8.94262545e-01  8.86639572e-01  8.64937636e-01
   8.35886728e-01  8.04405277e-01  7.56969030e-01  6.99568521e-01
   6.42692299e-01  5.79280951e-01  5.04044376e-01  4.29988318e-01
   3.40961980e-01  2.58173896e-01  1.68018499e-01  7.91948189e-02
  -1.12497627e-02]
 [-2.28280081e-02 -1.07390954e-01 -1.89842242e-01 -2.69303014e-01
  -3.45928523e-01 -4.23389233e-01 -4.90847166e-01 -5.56668567e-01
  -6.16817376e-01 -6.63662507e-01 -7.03628148e-01 -7.44962794e-01
  -7.75088470e-01 -7.82806103e-01 -8.00482131e-01 -8.01951056e-01
  -7.95927121e-01 -7.84191617e-01 -7.57160242e-01 -7.23809767e-01
  -6.85414457e-01 -6.40517964e-01 -5.81852317e-01 -5.20129761e-01
  -4.57609123e-01 -3.87839981e-01 -3.10060344e-01 -2.29815824e-01
  -1.47731094e-01 -6.34113201e-02  1.88550188e-02  9.86790245e-02
   1.77485291e-01  2.67887421e-01  3.43794121e-01  4.11199701e-01
   4.84496490e-01  5.48559472e-01  6.03812581e-01  6.57136395e-01
   7.03194044e-01  7.33443121e-01  7.59504946e-01  7.68853968e-01
   7.90735569e-01  7.89802997e-01  7.80622778e-01  7.72287332e-01
   7.45725520e-01  7.12438071e-01  6.74584807e-01  6.29493186e-01
   5.76711714e-01  5.16124267e-01  4.48004995e-01  3.75258066e-01
   3.05189084e-01  2.24876434e-01  1.44517144e-01  6.31098540e-02
  -1.96178535e-02]
 [-2.65888230e-02 -9.96834526e-02 -1.68230121e-01 -2.39737684e-01
  -3.07385803e-01 -3.69957544e-01 -4.27839377e-01 -4.81333494e-01
  -5.35309241e-01 -5.82881694e-01 -6.19195153e-01 -6.51612372e-01
  -6.73212747e-01 -6.92634624e-01 -7.05460638e-01 -7.03070830e-01
  -7.01197814e-01 -6.90441679e-01 -6.69228029e-01 -6.43609727e-01
  -6.10563615e-01 -5.61837626e-01 -5.21613133e-01 -4.68378322e-01
  -4.12851658e-01 -3.56265162e-01 -2.91856297e-01 -2.25272269e-01
  -1.54141933e-01 -8.11172844e-02 -1.26696302e-02  6.02984358e-02
   1.30886066e-01  1.97576747e-01  2.66164626e-01  3.27554279e-01
   3.84181549e-01  4.39938514e-01  4.90388404e-01  5.32282934e-01
   5.74309178e-01  6.05283439e-01  6.31424085e-01  6.43285344e-01
   6.59775762e-01  6.62113386e-01  6.55948260e-01  6.43136318e-01
   6.20795969e-01  5.95674220e-01  5.60729323e-01  5.28570114e-01
   4.78055200e-01  4.31305896e-01  3.70477387e-01  3.14396552e-01
   2.49865980e-01  1.82353194e-01  1.13802725e-01  4.45725322e-02
  -2.65424885e-02]
 [-2.82262545e-02 -8.48802815e-02 -1.40519954e-01 -1.97702133e-01
  -2.49110163e-01 -3.01087621e-01 -3.45855840e-01 -3.91865072e-01
  -4.32581135e-01 -4.70410005e-01 -5.03038894e-01 -5.28653290e-01
  -5.48038896e-01 -5.62171542e-01 -5.70890285e-01 -5.78016398e-01
  -5.71491084e-01 -5.56712058e-01 -5.50631137e-01 -5.29574887e-01
  -4.98971436e-01 -4.74652783e-01 -4.36869450e-01 -4.01952794e-01
  -3.56170043e-01 -3.11225161e-01 -2.54861860e-01 -2.06883252e-01
  -1.52172787e-01 -9.64184139e-02 -3.71811970e-02  1.50358146e-02
   6.96522531e-02  1.29152411e-01  1.81254806e-01  2.29885412e-01
   2.78519077e-01  3.22128959e-01  3.58356682e-01  3.95608574e-01
   4.23792952e-01  4.51617116e-01  4.68392474e-01  4.83138924e-01
   4.95504745e-01  4.97568905e-01  4.96336943e-01  4.91571412e-01
   4.76173919e-01  4.57256806e-01  4.29950919e-01  3.96482072e-01
   3.62347511e-01  3.27238356e-01  2.84116506e-01  2.35451063e-01
   1.86845053e-01  1.33668933e-01  8.15096602e-02  2.59065012e-02
  -2.84280569e-02]
 [-2.90196996e-02 -6.65318937e-02 -1.04906201e-01 -1.44608413e-01
  -1.80973682e-01 -2.15917026e-01 -2.51713598e-01 -2.79470799e-01
  -3.10191337e-01 -3.35554059e-01 -3.59235749e-01 -3.75332231e-01
  -3.95755764e-01 -4.09045670e-01 -4.13100862e-01 -4.16529613e-01
  -4.20790479e-01 -4.11656803e-01 -4.07537070e-01 -3.91691326e-01
  -3.75424309e-01 -3.57895144e-01 -3.33231005e-01 -3.09771794e-01
  -2.78607792e-01 -2.49215722e-01 -2.15213896e-01 -1.80592552e-01
  -1.36312338e-01 -1.04758004e-01 -6.56242988e-02 -2.74046872e-02
   1.10009583e-02  4.71321721e-02  8.49865777e-02  1.21161394e-01
   1.48963746e-01  1.82623260e-01  2.09191309e-01  2.35947021e-01
   2.62335639e-01  2.78282815e-01  2.93884367e-01  3.02656035e-01
   3.12132411e-01  3.18613222e-01  3.16369954e-01  3.06210311e-01
   3.02451472e-01  2.92460783e-01  2.78118588e-01  2.55664120e-01
   2.34695973e-01  2.08404940e-01  1.79589410e-01  1.48093603e-01
   1.15700453e-01  8.03595758e-02  4.31399960e-02  8.61305691e-03
  -3.06027669e-02]
 [-2.44334398e-02 -4.51855720e-02 -6.51564971e-02 -8.43713088e-02
  -1.03578066e-01 -1.21475857e-01 -1.40154428e-01 -1.56373008e-01
  -1.73278261e-01 -1.87519396e-01 -1.99532036e-01 -2.12594543e-01
  -2.20194601e-01 -2.27582854e-01 -2.36428296e-01 -2.40648985e-01
  -2.40021376e-01 -2.43495844e-01 -2.39804797e-01 -2.36460004e-01
  -2.30096764e-01 -2.20806387e-01 -2.06667551e-01 -2.01533694e-01
  -1.88623164e-01 -1.74094797e-01 -1.58670695e-01 -1.41572626e-01
  -1.22634265e-01 -1.06279524e-01 -9.02881000e-02 -6.77557188e-02
  -4.82151300e-02 -2.82303656e-02 -9.00734600e-03  7.39346574e-03
   2.40411083e-02  3.94903411e-02  5.53054894e-02  7.14978889e-02
   8.37648658e-02  9.35434354e-02  1.02179676e-01  1.10089726e-01
   1.15166735e-01  1.19199407e-01  1.21600697e-01  1.22759422e-01
   1.19212611e-01  1.17814884e-01  1.10193879e-01  1.02689354e-01
   9.32997464e-02  8.16799612e-02  6.93511963e-02  5.48704858e-02
   4.00960958e-02  2.35604906e-02  6.61194663e-03 -1.07545197e-02
  -2.91394796e-02]
 [-2.10538265e-02 -1.95481396e-02 -1.94651326e-02 -1.92728733e-02
  -1.97956910e-02 -2.04405095e-02 -2.22493847e-02 -2.44046382e-02
  -2.51800244e-02 -2.68100313e-02 -2.99098675e-02 -3.33687151e-02
  -3.71520028e-02 -4.08668535e-02 -4.15606184e-02 -4.92004576e-02
  -5.29529761e-02 -5.80288952e-02 -6.06071110e-02 -6.70638519e-02
  -6.99852612e-02 -7.67502834e-02 -7.87986626e-02 -8.32421821e-02
  -8.62199517e-02 -8.53469503e-02 -9.45499270e-02 -9.69150147e-02
  -9.99552570e-02 -1.00931587e-01 -1.02771454e-01 -1.04719860e-01
  -1.06048483e-01 -1.06510692e-01 -1.07678792e-01 -1.07095950e-01
  -1.06047921e-01 -1.03467445e-01 -1.03955666e-01 -9.91514688e-02
  -9.73878844e-02 -9.32609293e-02 -9.18332772e-02 -8.84917797e-02
  -8.52292625e-02 -8.21405373e-02 -7.61239811e-02 -7.26993375e-02
  -6.94554066e-02 -6.48768910e-02 -6.01170867e-02 -5.65668617e-02
  -5.07363231e-02 -4.74061643e-02 -4.31550988e-02 -3.97038717e-02
  -3.59290409e-02 -3.34719492e-02 -3.00235726e-02 -2.62399621e-02
  -2.46923834e-02]
 [-1.41842992e-02  7.76391811e-03  2.92151857e-02  4.81408428e-02
   6.66057948e-02  8.42165585e-02  9.97047543e-02  1.12143969e-01
   1.25752751e-01  1.34332537e-01  1.42502115e-01  1.48165372e-01
   1.51026477e-01  1.51728674e-01  1.49233327e-01  1.45856516e-01
   1.36331090e-01  1.33257214e-01  1.20111680e-01  1.07232813e-01
   9.35770570e-02  7.60773684e-02  5.98065020e-02  4.06626669e-02
   1.96206480e-02 -1.97165639e-03 -2.27732591e-02 -4.54214460e-02
  -6.69167484e-02 -9.30002299e-02 -1.14810948e-01 -1.36983461e-01
  -1.58104725e-01 -1.78184022e-01 -1.95649895e-01 -2.09273432e-01
  -2.31181302e-01 -2.42934742e-01 -2.55479093e-01 -2.65532512e-01
  -2.74632641e-01 -2.78655671e-01 -2.83729656e-01 -2.82050196e-01
  -2.81252617e-01 -2.76352133e-01 -2.72851626e-01 -2.63000802e-01
  -2.51833490e-01 -2.40033618e-01 -2.27001564e-01 -2.11580185e-01
  -1.93171364e-01 -1.73051263e-01 -1.52066012e-01 -1.31376150e-01
  -1.09379693e-01 -8.76555778e-02 -6.49487137e-02 -4.25912963e-02
  -1.86257097e-02]
 [-5.45637036e-03  3.56413813e-02  7.57788815e-02  1.15213046e-01
   1.50494675e-01  1.86124841e-01  2.16917372e-01  2.47133062e-01
   2.72128457e-01  2.92291975e-01  3.13364840e-01  3.26530078e-01
   3.36536970e-01  3.40566635e-01  3.38323681e-01  3.37312501e-01
   3.31226633e-01  3.16574892e-01  2.98494469e-01  2.78803253e-01
   2.54745366e-01  2.24086452e-01  1.97248856e-01  1.62728615e-01
   1.27008552e-01  8.79360883e-02  4.73920180e-02  9.71972274e-03
  -3.50529814e-02 -7.80389895e-02 -1.19626979e-01 -1.61309508e-01
  -1.99634659e-01 -2.41988390e-01 -2.70794485e-01 -3.11939612e-01
  -3.44345430e-01 -3.74951284e-01 -3.96535771e-01 -4.19623924e-01
  -4.38721434e-01 -4.48933292e-01 -4.60825131e-01 -4.62305953e-01
  -4.67656736e-01 -4.61675474e-01 -4.58645371e-01 -4.43312904e-01
  -4.25618821e-01 -4.11180123e-01 -3.84543679e-01 -3.56512186e-01
  -3.22333372e-01 -2.92806310e-01 -2.53336922e-01 -2.18370819e-01
  -1.78520803e-01 -1.37154394e-01 -9.60520231e-02 -5.26592900e-02
  -1.01056270e-02]
 [ 3.89263337e-03  6.30706416e-02  1.21394141e-01  1.77425592e-01
   2.31234791e-01  2.80828449e-01  3.27648390e-01  3.70937781e-01
   4.09286887e-01  4.41940634e-01  4.65699053e-01  4.87762416e-01
   5.07627447e-01  5.13186976e-01  5.16865913e-01  5.15957939e-01
   5.04965438e-01  4.91802857e-01  4.70310199e-01  4.39656974e-01
   4.05579971e-01  3.70818614e-01  3.25101018e-01  2.80552987e-01
   2.30444236e-01  1.75678233e-01  1.21495365e-01  6.30037998e-02
   6.05298662e-03 -5.63331061e-02 -1.18030378e-01 -1.77420696e-01
  -2.34896587e-01 -2.89147303e-01 -3.45060128e-01 -3.91997847e-01
  -4.46393503e-01 -4.88978201e-01 -5.19423925e-01 -5.53338891e-01
  -5.86304686e-01 -6.06361012e-01 -6.14273957e-01 -6.23562008e-01
  -6.31004160e-01 -6.29746275e-01 -6.18361219e-01 -6.02554137e-01
  -5.85623630e-01 -5.56915490e-01 -5.27118469e-01 -4.88204499e-01
  -4.45566289e-01 -3.94690648e-01 -3.44441772e-01 -2.93871668e-01
  -2.38236428e-01 -1.80681736e-01 -1.20569768e-01 -6.05483686e-02
  -1.48668680e-03]
 [ 1.45077997e-02  9.01605123e-02  1.62328841e-01  2.32364887e-01
   3.01449284e-01  3.66668101e-01  4.27201189e-01  4.79742526e-01
   5.25431439e-01  5.67526217e-01  6.00593227e-01  6.37232170e-01
   6.56585659e-01  6.66829581e-01  6.73970502e-01  6.69708830e-01
   6.59904030e-01  6.44205152e-01  6.13065096e-01  5.85166574e-01
   5.38753798e-01  4.95700218e-01  4.39572956e-01  3.88482283e-01
   3.23471685e-01  2.56433751e-01  1.89081730e-01  1.14941332e-01
   4.05896996e-02 -3.37672183e-02 -1.11295918e-01 -1.81125594e-01
  -2.61010072e-01 -3.28496521e-01 -4.00494349e-01 -4.61847067e-01
  -5.25891699e-01 -5.82079150e-01 -6.23352845e-01 -6.64859284e-01
  -7.02266345e-01 -7.26811503e-01 -7.54017828e-01 -7.65997649e-01
  -7.69782087e-01 -7.63195053e-01 -7.55780845e-01 -7.38605510e-01
  -7.10420880e-01 -6.85784877e-01 -6.40805939e-01 -5.92616319e-01
  -5.44073729e-01 -4.85256092e-01 -4.26015774e-01 -3.55794520e-01
  -2.85732744e-01 -2.12418789e-01 -1.40758566e-01 -6.65963900e-02
   9.80656226e-03]
 [ 2.47049827e-02  1.12652452e-01  1.97909744e-01  2.81206195e-01
   3.59175458e-01  4.34997922e-01  5.07555400e-01  5.69125731e-01
   6.29728078e-01  6.78234377e-01  7.17250351e-01  7.55696906e-01
   7.78682932e-01  7.93924128e-01  8.02797613e-01  8.03713120e-01
   7.94755215e-01  7.73036928e-01  7.42320195e-01  7.02719413e-01
   6.60576898e-01  6.03098278e-01  5.37406404e-01  4.77625873e-01
   4.07900349e-01  3.30586632e-01  2.46926753e-01  1.63143870e-01
   7.85831321e-02 -9.84110237e-03 -9.71889428e-02 -1.86065474e-01
  -2.71280036e-01 -3.52027210e-01 -4.31885052e-01 -5.04663928e-01
  -5.69256666e-01 -6.36538017e-01 -6.98654802e-01 -7.47524681e-01
  -7.95492111e-01 -8.23346055e-01 -8.42372830e-01 -8.69615757e-01
  -8.69341521e-01 -8.74809946e-01 -8.61920393e-01 -8.41698437e-01
  -8.18924828e-01 -7.77285001e-01 -7.31499129e-01 -6.70113486e-01
  -6.18219116e-01 -5.51174318e-01 -4.77090266e-01 -4.02526487e-01
  -3.23675901e-01 -2.39514564e-01 -1.52064821e-01 -6.67932109e-02
   1.91669888e-02]
 [ 3.55626802e-02  1.31554488e-01  2.25014038e-01  3.17929780e-01
   4.02890875e-01  4.84631832e-01  5.65148823e-01  6.33452384e-01
   6.96095957e-01  7.57353359e-01  8.01970933e-01  8.35933057e-01
   8.72589256e-01  8.90752223e-01  8.92940361e-01  8.91727660e-01
   8.79734043e-01  8.63331990e-01  8.29526287e-01  7.94928813e-01
   7.37272523e-01  6.80968898e-01  6.20933787e-01  5.46715896e-01
   4.64055469e-01  3.88585897e-01  2.98817330e-01  2.08472989e-01
   1.12135386e-01  1.61325936e-02 -7.78588792e-02 -1.74687315e-01
  -2.70689125e-01 -3.53058392e-01 -4.46575549e-01 -5.28319508e-01
  -6.05707012e-01 -6.81701759e-01 -7.46681203e-01 -7.91296629e-01
  -8.43889754e-01 -8.88312604e-01 -9.07800695e-01 -9.33481271e-01
  -9.43201779e-01 -9.31785665e-01 -9.21338483e-01 -8.92667127e-01
  -8.72816082e-01 -8.36031948e-01 -7.83668765e-01 -7.26230368e-01
  -6.67066250e-01 -5.96316835e-01 -5.13535431e-01 -4.33728063e-01
  -3.44093178e-01 -2.53819020e-01 -1.54832250e-01 -6.30804427e-02
   3.20456062e-02]
 [ 4.47831088e-02  1.46082162e-01  2.44608856e-01  3.41505538e-01
   4.32899793e-01  5.20475648e-01  6.02986304e-01  6.73489711e-01
   7.43466484e-01  8.03245406e-01  8.54334408e-01  8.84732293e-01
   9.27125679e-01  9.46582064e-01  9.45670097e-01  9.54207509e-01
   9.38334538e-01  9.20549979e-01  8.87152843e-01  8.53187016e-01
   7.99403611e-01  7.40570880e-01  6.75349606e-01  5.91724078e-01
   5.15656897e-01  4.27791100e-01  3.30885866e-01  2.38042425e-01
   1.42992424e-01  4.09523442e-02 -6.01016285e-02 -1.60295137e-01
  -2.55274423e-01 -3.49382350e-01 -4.35013641e-01 -5.30342381e-01
  -6.14477687e-01 -6.72378935e-01 -7.46186306e-01 -8.13933281e-01
  -8.50585661e-01 -9.03304650e-01 -9.37139157e-01 -9.49969004e-01
  -9.64951488e-01 -9.62803924e-01 -9.53518979e-01 -9.28295131e-01
  -8.93691149e-01 -8.52074624e-01 -8.03363839e-01 -7.45983966e-01
  -6.83143078e-01 -6.08585616e-01 -5.29537582e-01 -4.42759657e-01
  -3.47897098e-01 -2.55285004e-01 -1.57498510e-01 -5.84117799e-02
   4.29394478e-02]
 [ 5.35891779e-02  1.53974548e-01  2.54001240e-01  3.46933865e-01
   4.40747292e-01  5.30928524e-01  6.15599711e-01  6.80218545e-01
   7.57966691e-01  8.15405261e-01  8.66612032e-01  9.07099117e-01
   9.28058392e-01  9.61794889e-01  9.67758984e-01  9.75253279e-01
   9.53765049e-01  9.36423795e-01  9.17542414e-01  8.69293441e-01
   8.22881668e-01  7.57618697e-01  6.92903845e-01  6.17264539e-01
   5.42727222e-01  4.46449557e-01  3.62581796e-01  2.65195134e-01
   1.66330699e-01  6.97590865e-02 -3.03022019e-02 -1.34397336e-01
  -2.31017030e-01 -3.21781703e-01 -4.16898158e-01 -4.96612038e-01
  -5.93411284e-01 -6.63768567e-01 -7.30649105e-01 -7.80104991e-01
  -8.38498722e-01 -8.86052586e-01 -9.06580344e-01 -9.34453112e-01
  -9.48946247e-01 -9.41736934e-01 -9.37848919e-01 -9.13545611e-01
  -8.87672142e-01 -8.36274251e-01 -7.99537813e-01 -7.36854279e-01
  -6.67958916e-01 -5.93825627e-01 -5.12097637e-01 -4.34218401e-01
  -3.35551856e-01 -2.45611532e-01 -1.47522535e-01 -4.73103238e-02
   5.25089460e-02]
 [ 6.02109682e-02  1.56141843e-01  2.50426560e-01  3.45402771e-01
   4.30820259e-01  5.17153249e-01  5.92927528e-01  6.68898486e-01
   7.33061389e-01  7.94583889e-01  8.49273704e-01  8.76720008e-01
   9.14536007e-01  9.34958353e-01  9.48180481e-01  9.41057755e-01
   9.41188257e-01  9.25823287e-01  8.85391465e-01  8.47650257e-01
   8.05656282e-01  7.52249561e-01  6.89785234e-01  6.11224535e-01
   5.43451064e-01  4.55815024e-01  3.70371332e-01  2.81022991e-01
   1.84107112e-01  8.85171894e-02 -6.25420903e-03 -1.04219754e-01
  -1.98008914e-01 -2.86310841e-01 -3.79731906e-01 -4.61219743e-01
  -5.40234348e-01 -6.11255766e-01 -6.76021519e-01 -7.31458149e-01
  -7.89233834e-01 -8.24108434e-01 -8.58491889e-01 -8.53790116e-01
  -8.87572468e-01 -8.93673860e-01 -8.83260845e-01 -8.62206166e-01
  -8.38996365e-01 -7.82174633e-01 -7.51171289e-01 -6.91608828e-01
  -6.32761362e-01 -5.53963251e-01 -4.81662822e-01 -4.00728400e-01
  -3.12448403e-01 -2.20966817e-01 -1.29560886e-01 -3.31384701e-02
   6.06919533e-02]
 [ 6.50414172e-02  1.53116494e-01  2.39046321e-01  3.22138969e-01
   4.04983601e-01  4.82374392e-01  5.54955363e-01  6.24916804e-01
   6.84532139e-01  7.35786799e-01  7.91175781e-01  8.21066551e-01
   8.54202459e-01  8.72533178e-01  8.82557752e-01  8.83815901e-01
   8.66352059e-01  8.68049105e-01  8.27000605e-01  7.90790920e-01
   7.55883114e-01  6.99354013e-01  6.53075392e-01  5.93566621e-01
   5.17197974e-01  4.42321048e-01  3.64352236e-01  2.81132061e-01
   1.95800148e-01  1.07418172e-01  2.12456934e-02 -6.67763917e-02
  -1.52315133e-01 -2.37827094e-01 -3.18484953e-01 -3.94566391e-01
  -4.69410577e-01 -5.32091335e-01 -5.90054956e-01 -6.46400240e-01
  -6.92379556e-01 -7.28895835e-01 -7.61590015e-01 -7.81353478e-01
  -7.82776768e-01 -7.97567159e-01 -7.86209704e-01 -7.61286011e-01
  -7.43516557e-01 -7.08319334e-01 -6.59277798e-01 -6.21958527e-01
  -5.57010326e-01 -5.00910781e-01 -4.28376517e-01 -3.54774696e-01
  -2.72340934e-01 -1.92504515e-01 -1.06512895e-01 -2.02421257e-02
   6.70404769e-02]
 [ 6.75428705e-02  1.44333881e-01  2.15688378e-01  2.89853420e-01
   3.62214986e-01  4.28620487e-01  4.91952273e-01  5.51901868e-01
   6.02711115e-01  6.48386727e-01  6.94801416e-01  7.30013236e-01
   7.57573251e-01  7.71086697e-01  7.79970327e-01  7.79951826e-01
   7.71292315e-01  7.68474591e-01  7.43412974e-01  7.15559034e-01
   6.82474486e-01  6.40093754e-01  5.86652109e-01  5.26832542e-01
   4.75747163e-01  4.10952215e-01  3.44306321e-01  2.68787263e-01
   1.98709971e-01  1.21646694e-01  4.74040147e-02 -2.66869019e-02
  -1.01351229e-01 -1.71501305e-01 -2.47344819e-01 -3.11193086e-01
  -3.71942102e-01 -4.27423475e-01 -4.73922068e-01 -5.32093067e-01
  -5.72637704e-01 -6.05468627e-01 -6.17727342e-01 -6.40725035e-01
  -6.61368398e-01 -6.61669110e-01 -6.54073357e-01 -6.45687612e-01
  -6.21570503e-01 -5.90169530e-01 -5.56842384e-01 -5.14089873e-01
  -4.60994888e-01 -4.15567877e-01 -3.53759325e-01 -2.90208964e-01
  -2.20454348e-01 -1.49999403e-01 -7.80925457e-02 -4.31166545e-03
   7.07049955e-02]
 [ 6.74522262e-02  1.28083481e-01  1.89135832e-01  2.46585461e-01
   3.03782697e-01  3.59414935e-01  4.07619539e-01  4.55965630e-01
   4.98417420e-01  5.36026838e-01  5.70955380e-01  6.01160827e-01
   6.23609728e-01  6.34662736e-01  6.48288271e-01  6.47548516e-01
   6.48505766e-01  6.38214336e-01  6.13769584e-01  6.05216496e-01
   5.70872417e-01  5.38028807e-01  4.98228836e-01  4.59921042e-01
   4.05682941e-01  3.58516412e-01  3.07200022e-01  2.50019784e-01
   1.93521672e-01  1.32073515e-01  7.27662541e-02  1.32671280e-02
  -4.63503602e-02 -1.05531824e-01 -1.60321480e-01 -2.17721726e-01
  -2.66017396e-01 -3.10366426e-01 -3.52338120e-01 -3.88907715e-01
  -4.22928498e-01 -4.57445718e-01 -4.70845979e-01 -4.90902096e-01
  -5.03175251e-01 -4.99895883e-01 -4.89334342e-01 -4.88050525e-01
  -4.69840907e-01 -4.50459382e-01 -4.24715143e-01 -3.90872354e-01
  -3.54421739e-01 -3.06348643e-01 -2.63083863e-01 -2.12600400e-01
  -1.59900104e-01 -1.04977868e-01 -4.86067613e-02  1.17886119e-02
   7.11558601e-02]
 [ 6.49806908e-02  1.07108249e-01  1.49688591e-01  1.90330187e-01
   2.32428387e-01  2.72584444e-01  3.07284776e-01  3.44825400e-01
   3.73388518e-01  3.99252501e-01  4.28641311e-01  4.42064281e-01
   4.62424895e-01  4.69406411e-01  4.83336557e-01  4.91440654e-01
   4.85470359e-01  4.79001334e-01  4.75071094e-01  4.52447238e-01
   4.36851330e-01  4.16459609e-01  3.87365928e-01  3.62353751e-01
   3.29616524e-01  2.96549409e-01  2.61369280e-01  2.19784080e-01
   1.79619711e-01  1.37434454e-01  9.54451109e-02  5.32775991e-02
   1.15557235e-02 -2.89451400e-02 -7.07600795e-02 -1.07107094e-01
  -1.43051113e-01 -1.76266567e-01 -2.06900453e-01 -2.35423161e-01
  -2.58931078e-01 -2.80925102e-01 -2.96647286e-01 -3.07466315e-01
  -3.14474000e-01 -3.19404291e-01 -3.19826037e-01 -3.10821053e-01
  -3.04856799e-01 -2.84959543e-01 -2.72581276e-01 -2.51640460e-01
  -2.22779398e-01 -1.93441561e-01 -1.61443988e-01 -1.28873667e-01
  -8.96747669e-02 -5.15499493e-02 -1.15716066e-02  2.92496929e-02
   7.14580830e-02]
 [ 6.06695119e-02  8.31157606e-02  1.04313152e-01  1.27936386e-01
   1.51386067e-01  1.73694871e-01  1.93666368e-01  2.14374814e-01
   2.31582997e-01  2.46585199e-01  2.63043177e-01  2.74123398e-01
   2.83649138e-01  2.96314349e-01  2.93538675e-01  3.04682658e-01
   3.06549240e-01  3.03168433e-01  2.99912966e-01  2.95669844e-01
   2.88300104e-01  2.77881819e-01  2.65457296e-01  2.51902576e-01
   2.35899910e-01  2.17660171e-01  1.99499144e-01  1.79018113e-01
   1.59018609e-01  1.36798464e-01  1.12544647e-01  9.25522646e-02
   6.92794219e-02  4.66775028e-02  2.36300135e-02  2.17549406e-03
  -1.68433871e-02 -3.57435267e-02 -5.30399105e-02 -6.96889530e-02
  -8.39118568e-02 -9.53915831e-02 -1.06481368e-01 -1.14302317e-01
  -1.20574684e-01 -1.23781525e-01 -1.24004355e-01 -1.24152321e-01
  -1.18641425e-01 -1.14357519e-01 -1.06498777e-01 -9.49417124e-02
  -8.37098199e-02 -6.97012596e-02 -5.38561667e-02 -3.61127598e-02
  -1.71854613e-02  2.10603340e-03  2.41365953e-02  4.48010551e-02
   6.70241749e-02]
 [ 5.31481850e-02  5.53850259e-02  5.80918138e-02  6.06347254e-02
   6.53982232e-02  6.82010839e-02  7.29621890e-02  7.60739870e-02
   7.96167848e-02  8.38518230e-02  8.73955251e-02  9.27803479e-02
   9.72807710e-02  1.00433001e-01  1.07509258e-01  1.07982224e-01
   1.13747725e-01  1.15955461e-01  1.18118028e-01  1.22171163e-01
   1.26509006e-01  1.27431315e-01  1.29434721e-01  1.29727304e-01
   1.33350985e-01  1.31249144e-01  1.32874873e-01  1.33188463e-01
   1.28765805e-01  1.30287827e-01  1.27980012e-01  1.26003648e-01
   1.23749350e-01  1.20500676e-01  1.17408496e-01  1.13689033e-01
   1.10755012e-01  1.06886597e-01  1.03972173e-01  9.98346411e-02
   9.60549270e-02  9.30979770e-02  8.84001494e-02  8.53900767e-02
   8.19664332e-02  7.85671629e-02  7.50985516e-02  7.00000628e-02
   6.55364791e-02  6.58688176e-02  6.31899473e-02  6.19621510e-02
   5.99570307e-02  5.87438804e-02  5.77622114e-02  5.69761231e-02
   5.75480380e-02  5.75393909e-02  5.88365496e-02  5.98318338e-02
   6.08947175e-02]
 [ 4.38891459e-02  2.53657853e-02  7.33804792e-03 -9.47269092e-03
  -2.44940850e-02 -3.93360635e-02 -5.24881294e-02 -6.45260531e-02
  -7.40040083e-02 -8.29371529e-02 -8.85347074e-02 -9.30189020e-02
  -9.59806482e-02 -9.64417007e-02 -9.38297309e-02 -9.07246188e-02
  -8.49089936e-02 -7.54738931e-02 -6.76325306e-02 -5.68617751e-02
  -4.15256612e-02 -2.80203586e-02 -1.14248542e-02  1.83546324e-03
   2.09121886e-02  3.88079940e-02  5.87451061e-02  7.95046869e-02
   9.81405118e-02  1.16533006e-01  1.36440959e-01  1.52324472e-01
   1.73213008e-01  1.92835385e-01  2.08002326e-01  2.21579451e-01
   2.34839261e-01  2.45171042e-01  2.55974497e-01  2.64519051e-01
   2.69396445e-01  2.77680778e-01  2.78029958e-01  2.82329770e-01
   2.77677711e-01  2.75473285e-01  2.70204341e-01  2.64425393e-01
   2.54176703e-01  2.43484899e-01  2.27546176e-01  2.17471157e-01
   1.99493212e-01  1.81923623e-01  1.65764543e-01  1.48604274e-01
   1.29934362e-01  1.10307226e-01  9.18750840e-02  7.19666794e-02
   5.15141834e-02]
 [ 3.35777042e-02 -5.22807566e-03 -4.28153755e-02 -7.86617424e-02
  -1.12869023e-01 -1.42380686e-01 -1.73868471e-01 -2.02084665e-01
  -2.25013302e-01 -2.45804357e-01 -2.59802447e-01 -2.75800426e-01
  -2.83628791e-01 -2.86798506e-01 -2.89218819e-01 -2.85542088e-01
  -2.76008865e-01 -2.66515250e-01 -2.50853046e-01 -2.33231962e-01
  -2.08874190e-01 -1.80761244e-01 -1.54112014e-01 -1.22487547e-01
  -8.91352327e-02 -5.27814571e-02 -1.60409647e-02  2.17912492e-02
   6.09775906e-02  1.00231323e-01  1.40730337e-01  1.79262593e-01
   2.12787991e-01  2.51944068e-01  2.86586121e-01  3.15812120e-01
   3.50128207e-01  3.76531150e-01  3.99571729e-01  4.21692088e-01
   4.42035227e-01  4.48721035e-01  4.53212588e-01  4.65462130e-01
   4.65347348e-01  4.61022960e-01  4.56508115e-01  4.37717332e-01
   4.31154883e-01  4.10651529e-01  3.88471218e-01  3.59165025e-01
   3.31903142e-01  3.01589443e-01  2.70478654e-01  2.35138342e-01
   1.98276583e-01  1.59683297e-01  1.20424986e-01  8.04758760e-02
   4.29145182e-02]
 [ 2.15801067e-02 -3.52392479e-02 -9.05476130e-02 -1.43584540e-01
  -1.94620038e-01 -2.44133605e-01 -2.84845142e-01 -3.28747611e-01
  -3.66164663e-01 -3.97028748e-01 -4.19364788e-01 -4.41904732e-01
  -4.55797992e-01 -4.68422402e-01 -4.67577322e-01 -4.68128769e-01
  -4.56812654e-01 -4.42941701e-01 -4.22479480e-01 -3.95833461e-01
  -3.64728916e-01 -3.28001589e-01 -2.85175074e-01 -2.42836209e-01
  -1.96377616e-01 -1.43334358e-01 -8.95042359e-02 -3.34129514e-02
   1.99459828e-02  8.05290076e-02  1.38732169e-01  1.94909643e-01
   2.48746267e-01  2.96683336e-01  3.48555932e-01  4.04112978e-01
   4.52653288e-01  4.91016298e-01  5.27361465e-01  5.53050817e-01
   5.82076283e-01  5.99935605e-01  6.23671083e-01  6.25786815e-01
   6.32531897e-01  6.23136828e-01  6.13909856e-01  6.07583483e-01
   5.85054110e-01  5.57833920e-01  5.28515357e-01  4.91570454e-01
   4.52380180e-01  4.04606918e-01  3.55434927e-01  3.05451789e-01
   2.53110030e-01  2.00579997e-01  1.44394445e-01  8.79076626e-02
   3.02456894e-02]
 [ 9.43205464e-03 -6.34556201e-02 -1.34489418e-01 -2.01777028e-01
  -2.69387663e-01 -3.28850289e-01 -3.90502591e-01 -4.40291656e-01
  -4.88123124e-01 -5.28705873e-01 -5.63779935e-01 -5.90599636e-01
  -6.07984779e-01 -6.25538473e-01 -6.26355808e-01 -6.27447933e-01
  -6.19409119e-01 -5.99657541e-01 -5.77116675e-01 -5.43724288e-01
  -5.03992448e-01 -4.58263773e-01 -4.07274903e-01 -3.53763643e-01
  -2.92162837e-01 -2.25891468e-01 -1.57530736e-01 -8.87194300e-02
  -1.69434016e-02  5.36738368e-02  1.26046616e-01  1.99561280e-01
   2.76738587e-01  3.42137572e-01  4.05701580e-01  4.71032283e-01
   5.30545915e-01  5.80258203e-01  6.20182775e-01  6.69340691e-01
   6.96386909e-01  7.23980824e-01  7.48499075e-01  7.67047918e-01
   7.75399681e-01  7.64455458e-01  7.53437612e-01  7.36850467e-01
   7.10631306e-01  6.84797395e-01  6.48221316e-01  5.98941390e-01
   5.50678622e-01  4.93120255e-01  4.35156910e-01  3.70772517e-01
   3.02042791e-01  2.34682736e-01  1.62026516e-01  8.95273890e-02
   1.78904619e-02]
 [-2.96758334e-03 -8.84522873e-02 -1.71271684e-01 -2.51214711e-01
  -3.30427883e-01 -4.02344141e-01 -4.73864384e-01 -5.32283367e-01
  -5.88253257e-01 -6.41756970e-01 -6.82355905e-01 -7.17262283e-01
  -7.43165884e-01 -7.56585870e-01 -7.65057778e-01 -7.55562054e-01
  -7.49897821e-01 -7.32803623e-01 -7.05663799e-01 -6.66315641e-01
  -6.20646609e-01 -5.66440997e-01 -5.12671964e-01 -4.46716793e-01
  -3.76037113e-01 -3.01097929e-01 -2.23032107e-01 -1.38873024e-01
  -5.53221141e-02  3.10940890e-02  1.15503658e-01  1.95574042e-01
   2.86760184e-01  3.59926497e-01  4.44011847e-01  5.13875952e-01
   5.87947199e-01  6.49735673e-01  7.02697986e-01  7.56662187e-01
   7.99936910e-01  8.26763345e-01  8.57915452e-01  8.74564357e-01
   8.71689572e-01  8.68322327e-01  8.63741380e-01  8.35713297e-01
   8.15840113e-01  7.82683973e-01  7.33177747e-01  6.86450000e-01
   6.24376377e-01  5.62498021e-01  4.89110463e-01  4.15488474e-01
   3.40229131e-01  2.57851759e-01  1.74377026e-01  8.95231651e-02
   6.61179519e-03]
 [-1.51452053e-02 -1.09622705e-01 -2.02016769e-01 -2.89056451e-01
  -3.74076021e-01 -4.60680825e-01 -5.34950532e-01 -6.03339600e-01
  -6.67690632e-01 -7.23019519e-01 -7.70735437e-01 -8.07785956e-01
  -8.32174029e-01 -8.54045577e-01 -8.62084400e-01 -8.60320091e-01
  -8.38073799e-01 -8.26936038e-01 -7.98171458e-01 -7.61612926e-01
  -7.10990748e-01 -6.54444554e-01 -5.94332770e-01 -5.21375558e-01
  -4.38763555e-01 -3.58726398e-01 -2.75847215e-01 -1.82461293e-01
  -8.90645774e-02  3.62917922e-03  9.54765599e-02  1.92125853e-01
   2.84699265e-01  3.70007154e-01  4.56184196e-01  5.44683940e-01
   6.13757745e-01  6.83925049e-01  7.46906094e-01  8.00698605e-01
   8.39162518e-01  8.85775175e-01  9.19139245e-01  9.32975032e-01
   9.47791807e-01  9.37764531e-01  9.27946123e-01  9.13712547e-01
   8.76616453e-01  8.40321751e-01  7.93281068e-01  7.30285149e-01
   6.72704452e-01  6.04977946e-01  5.30561317e-01  4.46565179e-01
   3.61866940e-01  2.68324949e-01  1.78461089e-01  8.53535268e-02
  -7.73216392e-03]
 [-2.44673499e-02 -1.24431359e-01 -2.19775830e-01 -3.13723324e-01
  -4.01894803e-01 -4.93010275e-01 -5.74746740e-01 -6.43970100e-01
  -7.12812024e-01 -7.71212269e-01 -8.20028286e-01 -8.55406670e-01
  -8.85001091e-01 -9.11753815e-01 -9.20279495e-01 -9.23349948e-01
  -9.18549593e-01 -8.86468170e-01 -8.58379008e-01 -8.11714267e-01
  -7.72974507e-01 -7.10173134e-01 -6.43125523e-01 -5.71757838e-01
  -4.93059004e-01 -4.05451879e-01 -3.15173186e-01 -2.17441737e-01
  -1.27613320e-01 -2.28692639e-02  7.72175142e-02  1.77491838e-01
   2.73993752e-01  3.66038405e-01  4.59591043e-01  5.44092603e-01
   6.21565213e-01  6.93868149e-01  7.64886601e-01  8.12434752e-01
   8.61685542e-01  9.08508957e-01  9.30584328e-01  9.60850031e-01
   9.54624488e-01  9.68801315e-01  9.56060495e-01  9.33629151e-01
   9.04106865e-01  8.68336749e-01  8.26779426e-01  7.58117218e-01
   6.90866332e-01  6.20853537e-01  5.45045061e-01  4.57959471e-01
   3.65929474e-01  2.70952827e-01  1.75579436e-01  7.79402122e-02
  -1.92963475e-02]
 [-3.44628257e-02 -1.33773052e-01 -2.32943048e-01 -3.26481358e-01
  -4.19467614e-01 -5.06599502e-01 -5.86319730e-01 -6.59893754e-01
  -7.28912737e-01 -7.75138499e-01 -8.39134182e-01 -8.72999320e-01
  -9.11419529e-01 -9.31537045e-01 -9.37170910e-01 -9.43074146e-01
  -9.32849628e-01 -9.08047299e-01 -8.83735180e-01 -8.43457308e-01
  -7.95757215e-01 -7.32174282e-01 -6.71834799e-01 -5.92156745e-01
  -5.14485791e-01 -4.28007069e-01 -3.36483051e-01 -2.43223846e-01
  -1.45803009e-01 -4.74910038e-02  5.22537378e-02  1.46777444e-01
   2.50672581e-01  3.42713174e-01  4.30196701e-01  5.18353444e-01
   5.93263672e-01  6.79449758e-01  7.35686636e-01  8.00880406e-01
   8.47375426e-01  8.92225257e-01  9.24663114e-01  9.43763558e-01
   9.54718276e-01  9.52395086e-01  9.50183370e-01  9.29959066e-01
   8.90421337e-01  8.56784231e-01  8.02316649e-01  7.55791360e-01
   6.82516673e-01  6.10893656e-01  5.29849066e-01  4.46425912e-01
   3.57693051e-01  2.62664230e-01  1.64935252e-01  6.74869504e-02
  -3.29010516e-02]
 [-4.26844915e-02 -1.37039951e-01 -2.30205062e-01 -3.20166736e-01
  -4.08193645e-01 -4.92825212e-01 -5.75622492e-01 -6.42976026e-01
  -7.11766334e-01 -7.71273203e-01 -8.15370662e-01 -8.62845993e-01
  -8.90016215e-01 -9.16774727e-01 -9.20473563e-01 -9.22964490e-01
  -9.15213998e-01 -8.94611574e-01 -8.67620428e-01 -8.29952941e-01
  -7.83826287e-01 -7.23380730e-01 -6.58018043e-01 -5.92753730e-01
  -5.18571692e-01 -4.36634649e-01 -3.45953802e-01 -2.59366519e-01
  -1.63911360e-01 -6.80117856e-02  2.60342866e-02  1.22335146e-01
   2.16976230e-01  3.07009782e-01  3.90438724e-01  4.74117845e-01
   5.55610676e-01  6.28364894e-01  6.87576113e-01  7.45273701e-01
   8.02496376e-01  8.34129937e-01  8.62951093e-01  8.90883911e-01
   9.02608076e-01  8.98586500e-01  8.88992744e-01  8.80144669e-01
   8.44361685e-01  7.89657684e-01  7.49755282e-01  7.06575426e-01
   6.45419011e-01  5.75591692e-01  5.01934102e-01  4.18379718e-01
   3.32048284e-01  2.39686120e-01  1.47280713e-01  5.54057076e-02
  -4.04377193e-02]
 [-4.80058376e-02 -1.35577779e-01 -2.17796775e-01 -3.05264258e-01
  -3.86546778e-01 -4.63654704e-01 -5.35037276e-01 -6.00623991e-01
  -6.64369865e-01 -7.11153839e-01 -7.63134782e-01 -7.97362173e-01
  -8.27862411e-01 -8.47758041e-01 -8.56198509e-01 -8.60532565e-01
  -8.57168884e-01 -8.44772048e-01 -8.12379528e-01 -7.80524749e-01
  -7.36213954e-01 -6.87278004e-01 -6.31897100e-01 -5.61760921e-01
  -4.98536560e-01 -4.21875212e-01 -3.42210062e-01 -2.62925980e-01
  -1.74758823e-01 -9.01809532e-02 -7.34287400e-04  8.76065372e-02
   1.65880454e-01  2.56600487e-01  3.34688909e-01  4.08456491e-01
   4.87841367e-01  5.50371082e-01  6.06935215e-01  6.64384002e-01
   7.00981836e-01  7.42821906e-01  7.68249330e-01  7.86522028e-01
   8.07104392e-01  8.06382935e-01  8.03462743e-01  7.82509125e-01
   7.49943431e-01  7.17271213e-01  6.78628771e-01  6.28332894e-01
   5.77898722e-01  5.16038374e-01  4.48093806e-01  3.72043720e-01
   2.93311231e-01  2.06787540e-01  1.25460797e-01  4.00518274e-02
  -4.40393478e-02]
 [-5.05719381e-02 -1.26490034e-01 -1.99250970e-01 -2.74699903e-01
  -3.41670476e-01 -4.10800097e-01 -4.76544798e-01 -5.35346436e-01
  -5.82716786e-01 -6.21212085e-01 -6.65314522e-01 -7.07834985e-01
  -7.33155518e-01 -7.52260885e-01 -7.59320341e-01 -7.59979744e-01
  -7.56433736e-01 -7.42754430e-01 -7.12198857e-01 -6.96499084e-01
  -6.56191487e-01 -6.19360558e-01 -5.70481039e-01 -5.08280366e-01
  -4.49597326e-01 -3.88868260e-01 -3.21219434e-01 -2.48400171e-01
  -1.78257032e-01 -1.01605005e-01 -2.68127086e-02  4.71621193e-02
   1.22270408e-01  1.94737854e-01  2.63212565e-01  3.34975249e-01
   3.94577825e-01  4.52115007e-01  5.07925601e-01  5.51117502e-01
   5.89870142e-01  6.28979170e-01  6.49496602e-01  6.71309973e-01
   6.73509339e-01  6.80111262e-01  6.76676732e-01  6.62409875e-01
   6.34535276e-01  6.06242072e-01  5.77635748e-01  5.34400440e-01
   4.86438738e-01  4.26137109e-01  3.75505192e-01  3.10901238e-01
   2.40831658e-01  1.72665799e-01  9.78284560e-02  2.43678489e-02
  -4.96753538e-02]
 [-5.04961062e-02 -1.11026610e-01 -1.71105515e-01 -2.27656698e-01
  -2.85374133e-01 -3.40433226e-01 -3.91651544e-01 -4.37031489e-01
  -4.76911450e-01 -5.16668566e-01 -5.44926922e-01 -5.75486588e-01
  -6.02201382e-01 -6.18071034e-01 -6.24404225e-01 -6.29842618e-01
  -6.28857469e-01 -6.13353677e-01 -6.01445516e-01 -5.78910940e-01
  -5.51418873e-01 -5.16028116e-01 -4.79848683e-01 -4.38078925e-01
  -3.92196400e-01 -3.40503415e-01 -2.90293444e-01 -2.30480429e-01
  -1.71742622e-01 -1.11411825e-01 -5.19015838e-02  1.04138653e-02
   6.90396694e-02  1.28455360e-01  1.82167870e-01  2.36810808e-01
   2.86455862e-01  3.39392733e-01  3.80412546e-01  4.13418685e-01
   4.48268393e-01  4.73951744e-01  4.94801146e-01  5.11381104e-01
   5.22769887e-01  5.22813770e-01  5.22747632e-01  5.11621876e-01
   4.96620436e-01  4.71100309e-01  4.44684542e-01  4.13379270e-01
   3.76351084e-01  3.31006100e-01  2.85568881e-01  2.35590314e-01
   1.82592940e-01  1.25336675e-01  6.72111284e-02  8.19671535e-03
  -5.12585961e-02]
 [-4.67812829e-02 -8.97141814e-02 -1.32046523e-01 -1.73372462e-01
  -2.14723862e-01 -2.53776262e-01 -2.89729246e-01 -3.23748388e-01
  -3.54293070e-01 -3.77121822e-01 -4.05719484e-01 -4.27395378e-01
  -4.47059523e-01 -4.58363169e-01 -4.64001198e-01 -4.67777618e-01
  -4.62942770e-01 -4.63436275e-01 -4.48035257e-01 -4.40185065e-01
  -4.22091914e-01 -3.98022128e-01 -3.73052227e-01 -3.38743187e-01
  -3.05379789e-01 -2.75239579e-01 -2.36521639e-01 -1.97932453e-01
  -1.56418120e-01 -1.16047626e-01 -7.59701738e-02 -2.85482189e-02
   1.33660405e-02  5.50622353e-02  9.31755684e-02  1.31168608e-01
   1.67704300e-01  2.06334755e-01  2.36090709e-01  2.61221756e-01
   2.89630545e-01  3.08090316e-01  3.22713463e-01  3.36606863e-01
   3.35979699e-01  3.40934070e-01  3.43081259e-01  3.38718814e-01
   3.29661505e-01  3.09839264e-01  2.93232941e-01  2.72990414e-01
   2.49074419e-01  2.19266311e-01  1.86300283e-01  1.52575636e-01
   1.15002239e-01  7.52842710e-02  3.40569923e-02 -7.00128429e-03
  -4.97353889e-02]
 [-4.19220963e-02 -6.51064250e-02 -8.78390885e-02 -1.09823935e-01
  -1.33152731e-01 -1.56104220e-01 -1.76753582e-01 -1.96620432e-01
  -2.11356474e-01 -2.31163322e-01 -2.45413682e-01 -2.60000310e-01
  -2.67002445e-01 -2.76433612e-01 -2.81066033e-01 -2.85127165e-01
  -2.88111400e-01 -2.85953766e-01 -2.85503666e-01 -2.78597402e-01
  -2.70088308e-01 -2.58693747e-01 -2.45115449e-01 -2.32468323e-01
  -2.14548905e-01 -1.97202322e-01 -1.75264196e-01 -1.54304771e-01
  -1.33275573e-01 -1.10879039e-01 -8.99719028e-02 -6.84085178e-02
  -4.27140803e-02 -2.01036762e-02  1.78864052e-03  2.41257024e-02
   4.38731630e-02  6.35693449e-02  8.18644106e-02  1.00767247e-01
   1.15561100e-01  1.25806504e-01  1.36109697e-01  1.44980663e-01
   1.49772088e-01  1.53190328e-01  1.53625102e-01  1.53332277e-01
   1.50609944e-01  1.43602599e-01  1.35268823e-01  1.22295597e-01
   1.10482192e-01  9.55586959e-02  8.00453230e-02  6.16537997e-02
   4.26918584e-02  2.13495521e-02 -2.02465988e-05 -2.23354473e-02
  -4.47087119e-02]]
minima = -0.9430741459714541
coord = [54, 15]
