For contourf:
gamma_vec = [0.         0.05324733 0.10649467 0.159742   0.21298933 0.26623667
 0.319484   0.37273133 0.42597866 0.479226   0.53247333 0.58572066
 0.638968   0.69221533 0.74546266 0.79871    0.85195733 0.90520466
 0.958452   1.01169933 1.06494666 1.118194   1.17144133 1.22468866
 1.27793599 1.33118333 1.38443066 1.43767799 1.49092533 1.54417266
 1.59741999 1.65066733 1.70391466 1.75716199 1.81040933 1.86365666
 1.91690399 1.97015133 2.02339866 2.07664599 2.12989332 2.18314066
 2.23638799 2.28963532 2.34288266 2.39612999 2.44937732 2.50262466
 2.55587199 2.60911932 2.66236666 2.71561399 2.76886132 2.82210865
 2.87535599 2.92860332 2.98185065 3.03509799 3.08834532 3.14159265]
beta_vec = [0.         0.05324733 0.10649467 0.159742   0.21298933 0.26623667
 0.319484   0.37273133 0.42597866 0.479226   0.53247333 0.58572066
 0.638968   0.69221533 0.74546266 0.79871    0.85195733 0.90520466
 0.958452   1.01169933 1.06494666 1.118194   1.17144133 1.22468866
 1.27793599 1.33118333 1.38443066 1.43767799 1.49092533 1.54417266
 1.59741999 1.65066733 1.70391466 1.75716199 1.81040933 1.86365666
 1.91690399 1.97015133 2.02339866 2.07664599 2.12989332 2.18314066
 2.23638799 2.28963532 2.34288266 2.39612999 2.44937732 2.50262466
 2.55587199 2.60911932 2.66236666 2.71561399 2.76886132 2.82210865
 2.87535599 2.92860332 2.98185065 3.03509799 3.08834532 3.14159265]
exp_mat = [[ 1.01425432e-02  1.21321573e-02  1.61058452e-02  8.15597880e-03
   8.15624156e-03  1.21304849e-02  1.01441618e-02  8.15701849e-03
   1.21302328e-02  1.21318985e-02  6.16797671e-03  6.16849280e-03
   1.01433232e-02  8.15521607e-03  1.01444801e-02  8.14923974e-03
   1.01498567e-02  1.01460728e-02  8.15616686e-03  1.41187701e-02
   1.01437669e-02  1.21305320e-02  8.15521718e-03  1.41181872e-02
   8.14798118e-03  1.21304086e-02  1.41241145e-02  1.61083244e-02
   1.01431304e-02  6.17047110e-03  1.01428546e-02  8.15794860e-03
   6.16756209e-03  6.15959293e-03  1.01428548e-02  1.25146481e-02
   1.01428736e-02  1.01428820e-02  1.01445032e-02  1.01428753e-02
   1.01428752e-02  1.01428740e-02  8.15754584e-03  1.01428773e-02
   8.15707761e-03  1.01461530e-02  1.01443536e-02  8.15472271e-03
   1.01428753e-02  1.21305294e-02  1.01449150e-02  6.16756209e-03
   6.16756209e-03  1.01428766e-02  1.41184920e-02  6.17317649e-03
   6.17013458e-03  1.01428752e-02  1.01427000e-02  1.41206946e-02]
 [ 3.66668533e-03 -1.16188065e-02 -2.04703262e-02 -2.72007552e-02
  -3.96490063e-02 -4.32474171e-02 -6.05628169e-02 -7.13933595e-02
  -7.68422698e-02 -8.71097801e-02 -8.87610306e-02 -9.58994600e-02
  -9.23702561e-02 -9.68359323e-02 -1.04953245e-01 -9.65764020e-02
  -9.65428400e-02 -9.88658485e-02 -9.48238878e-02 -8.61058784e-02
  -8.46262860e-02 -7.96248052e-02 -6.55000311e-02 -6.33332026e-02
  -4.56986026e-02 -4.20349251e-02 -2.73626263e-02 -2.29341299e-02
  -7.69674889e-03  3.51105080e-03  1.08219313e-02  2.78372869e-02
   4.07626469e-02  4.94079936e-02  5.57452009e-02  6.71389086e-02
   7.59607877e-02  8.12118992e-02  8.86151181e-02  9.72796860e-02
   1.03805818e-01  1.06427608e-01  1.07552407e-01  1.07469607e-01
   1.08475081e-01  1.08211027e-01  1.08949136e-01  1.07670323e-01
   1.10268026e-01  9.56781555e-02  8.79382087e-02  8.22019288e-02
   7.43971981e-02  6.76050834e-02  5.59248009e-02  4.40370282e-02
   3.13285137e-02  2.43153827e-02  1.50913307e-02  1.88917981e-03]
 [-7.47023597e-03 -3.37118500e-02 -5.58670270e-02 -7.76216530e-02
  -9.75645262e-02 -1.13118924e-01 -1.30786970e-01 -1.50726272e-01
  -1.62403077e-01 -1.76959318e-01 -1.92876283e-01 -2.02018292e-01
  -1.96965390e-01 -2.09714168e-01 -2.10929894e-01 -2.13111501e-01
  -2.06470453e-01 -1.99197948e-01 -1.89665440e-01 -1.81154535e-01
  -1.78842124e-01 -1.65931233e-01 -1.49314343e-01 -1.31149772e-01
  -1.07793293e-01 -9.45971790e-02 -6.98882289e-02 -4.62618633e-02
  -2.41749233e-02 -5.72499008e-03  2.43144975e-02  4.07814824e-02
   6.06456171e-02  8.52735514e-02  1.00435433e-01  1.24605188e-01
   1.41800697e-01  1.54153096e-01  1.67650670e-01  1.82905774e-01
   1.89181883e-01  1.98753129e-01  2.06742035e-01  2.14864109e-01
   2.09561269e-01  2.10572235e-01  2.04566638e-01  1.98461336e-01
   1.88512497e-01  1.81290408e-01  1.64643606e-01  1.51808934e-01
   1.35611184e-01  1.21298537e-01  1.00125999e-01  7.86126025e-02
   6.23857171e-02  3.52044743e-02  1.73547860e-02 -5.10183738e-03]
 [-9.14678764e-03 -4.59364948e-02 -7.87810649e-02 -1.11006775e-01
  -1.34572686e-01 -1.65603325e-01 -1.89476928e-01 -2.19627760e-01
  -2.40505806e-01 -2.64942836e-01 -2.71985885e-01 -2.91450090e-01
  -2.95321696e-01 -3.09482759e-01 -3.10150190e-01 -3.09797503e-01
  -3.08423416e-01 -2.94803047e-01 -2.87722636e-01 -2.71179902e-01
  -2.57797463e-01 -2.33890072e-01 -2.12546191e-01 -1.85829085e-01
  -1.57782262e-01 -1.28076560e-01 -1.02206944e-01 -6.58956898e-02
  -3.55590478e-02 -4.39170397e-03  3.61376671e-02  6.17622875e-02
   9.77677538e-02  1.25619173e-01  1.54873652e-01  1.85129315e-01
   2.08157739e-01  2.33825034e-01  2.57133059e-01  2.71414527e-01
   2.86428416e-01  2.99404210e-01  3.01638378e-01  3.11288793e-01
   3.16762561e-01  3.10849955e-01  3.05208711e-01  2.98612998e-01
   2.86152302e-01  2.66673040e-01  2.49357671e-01  2.31662078e-01
   2.02972858e-01  1.77412658e-01  1.56041395e-01  1.20638732e-01
   8.75763630e-02  5.92705299e-02  2.22625378e-02 -1.11284747e-02]
 [-1.16098827e-02 -5.13734661e-02 -9.16856940e-02 -1.35131196e-01
  -1.77849293e-01 -2.17144102e-01 -2.46519228e-01 -2.75317052e-01
  -3.12837445e-01 -3.43391653e-01 -3.60006900e-01 -3.70759711e-01
  -3.93192863e-01 -4.04437962e-01 -4.01519236e-01 -4.00863080e-01
  -3.99829650e-01 -3.86750639e-01 -3.67171362e-01 -3.54282363e-01
  -3.27429117e-01 -2.96324168e-01 -2.77148238e-01 -2.40418628e-01
  -1.99915227e-01 -1.64521239e-01 -1.24055595e-01 -7.37229293e-02
  -3.61992851e-02  2.65594896e-03  4.28572095e-02  9.12389302e-02
   1.30901625e-01  1.73628623e-01  2.11842233e-01  2.46621193e-01
   2.81277511e-01  3.12204089e-01  3.40617430e-01  3.62989446e-01
   3.82479107e-01  4.00324234e-01  4.08889753e-01  4.12831917e-01
   4.20233374e-01  4.13143072e-01  4.06515419e-01  3.93821272e-01
   3.75208929e-01  3.55477886e-01  3.25804493e-01  3.00118499e-01
   2.70588677e-01  2.39689283e-01  1.98717858e-01  1.60684650e-01
   1.16771803e-01  7.69974110e-02  3.38529691e-02 -9.71822780e-03]
 [-1.25066388e-02 -6.59634579e-02 -1.19904548e-01 -1.72180067e-01
  -2.22818960e-01 -2.69405674e-01 -3.12861292e-01 -3.49810194e-01
  -3.83346879e-01 -4.16307390e-01 -4.48791444e-01 -4.59110612e-01
  -4.79482603e-01 -4.85641127e-01 -4.91011526e-01 -4.84554554e-01
  -4.88742161e-01 -4.64466801e-01 -4.60472565e-01 -4.30318087e-01
  -4.06555170e-01 -3.62238847e-01 -3.37537946e-01 -2.83671663e-01
  -2.45361411e-01 -2.01692064e-01 -1.47386371e-01 -9.74682192e-02
  -5.20173791e-02  4.80986632e-03  5.68587586e-02  1.10067988e-01
   1.61489065e-01  2.15432859e-01  2.60345257e-01  3.00729670e-01
   3.44402365e-01  3.85375907e-01  4.17647571e-01  4.43076231e-01
   4.68409283e-01  4.88076195e-01  5.02447974e-01  5.07998297e-01
   5.11862087e-01  5.03947465e-01  4.96410695e-01  4.82050819e-01
   4.63178022e-01  4.37685623e-01  4.07991807e-01  3.73904783e-01
   3.31367613e-01  2.85266924e-01  2.42209721e-01  1.96012208e-01
   1.42074651e-01  8.89790879e-02  3.93658574e-02 -1.07473110e-02]
 [-1.52401040e-02 -8.30140849e-02 -1.46091578e-01 -2.01132403e-01
  -2.58323231e-01 -3.15421026e-01 -3.63290997e-01 -4.06346983e-01
  -4.49550297e-01 -4.93647348e-01 -5.23967088e-01 -5.48843289e-01
  -5.64663915e-01 -5.79458781e-01 -5.88046099e-01 -5.83931183e-01
  -5.75917136e-01 -5.53993461e-01 -5.28761378e-01 -5.13018568e-01
  -4.74115605e-01 -4.40863625e-01 -3.97542787e-01 -3.43746659e-01
  -2.98160238e-01 -2.41184113e-01 -1.81403961e-01 -1.20061606e-01
  -5.82966945e-02  9.58063265e-03  6.78081268e-02  1.29711971e-01
   1.92442981e-01  2.48201718e-01  3.05160135e-01  3.56112289e-01
   4.03972221e-01  4.48336963e-01  4.91546144e-01  5.22700845e-01
   5.52255906e-01  5.75506262e-01  5.88429745e-01  5.96287986e-01
   5.98719429e-01  5.94465626e-01  5.80425571e-01  5.64450927e-01
   5.41900649e-01  5.10038956e-01  4.74118007e-01  4.28715055e-01
   3.88350865e-01  3.38316780e-01  2.79063509e-01  2.26250777e-01
   1.66653252e-01  1.07047574e-01  4.73336317e-02 -2.02415603e-02]
 [-2.26316221e-02 -9.32910980e-02 -1.64974050e-01 -2.36506602e-01
  -3.01360944e-01 -3.57492576e-01 -4.21494717e-01 -4.77107021e-01
  -5.22491527e-01 -5.53417430e-01 -6.01185265e-01 -6.24964828e-01
  -6.39713228e-01 -6.61157045e-01 -6.64558177e-01 -6.57309439e-01
  -6.59080648e-01 -6.42133662e-01 -6.10051720e-01 -5.81727426e-01
  -5.46236445e-01 -4.97562221e-01 -4.52163504e-01 -3.97060739e-01
  -3.33812608e-01 -2.70583799e-01 -2.06084049e-01 -1.35961315e-01
  -6.84678510e-02  4.87431087e-03  7.39560886e-02  1.47002590e-01
   2.14853335e-01  2.81915104e-01  3.45655051e-01  4.05540495e-01
   4.59093260e-01  5.12000325e-01  5.56667911e-01  5.91204978e-01
   6.25650919e-01  6.50358562e-01  6.67670367e-01  6.79903538e-01
   6.79384565e-01  6.76995051e-01  6.58936442e-01  6.37841043e-01
   6.08605115e-01  5.71375970e-01  5.35171481e-01  4.90297452e-01
   4.35533794e-01  3.76682678e-01  3.18834822e-01  2.53707595e-01
   1.90962379e-01  1.19847734e-01  4.73604709e-02 -2.69725091e-02]
 [-3.17592405e-02 -1.04825667e-01 -1.85894464e-01 -2.64673212e-01
  -3.35315008e-01 -4.02740146e-01 -4.72386625e-01 -5.28784043e-01
  -5.76524273e-01 -6.24761203e-01 -6.63381878e-01 -6.94351203e-01
  -7.20184390e-01 -7.32436157e-01 -7.44552187e-01 -7.36761816e-01
  -7.28989320e-01 -6.99202584e-01 -6.83549699e-01 -6.48908738e-01
  -6.06833366e-01 -5.57643705e-01 -4.97760748e-01 -4.36453229e-01
  -3.69915301e-01 -3.05251915e-01 -2.33270231e-01 -1.54470275e-01
  -7.38401910e-02  8.04369244e-03  8.26942447e-02  1.63718554e-01
   2.38021441e-01  3.12998176e-01  3.82675885e-01  4.48284735e-01
   5.13948651e-01  5.66734887e-01  6.16312479e-01  6.61076716e-01
   6.96201710e-01  7.20479103e-01  7.36370197e-01  7.52998993e-01
   7.55454876e-01  7.42721499e-01  7.31645988e-01  7.08404466e-01
   6.75146122e-01  6.42229809e-01  5.93889807e-01  5.39588813e-01
   4.82481047e-01  4.16307640e-01  3.50570335e-01  2.78465255e-01
   2.02430625e-01  1.29308642e-01  4.67113606e-02 -3.43601288e-02]
 [-3.33657085e-02 -1.26219575e-01 -2.05506474e-01 -2.87863749e-01
  -3.70234153e-01 -4.40417470e-01 -5.14163797e-01 -5.72776395e-01
  -6.32214309e-01 -6.73730898e-01 -7.20343578e-01 -7.65589090e-01
  -7.82485202e-01 -7.98481936e-01 -8.08126476e-01 -7.96489262e-01
  -7.91493117e-01 -7.66245486e-01 -7.35528006e-01 -7.06265231e-01
  -6.54909221e-01 -5.97089165e-01 -5.41814314e-01 -4.77505164e-01
  -4.05550258e-01 -3.24808284e-01 -2.52865482e-01 -1.63839981e-01
  -7.90103342e-02  8.51646913e-03  9.23488449e-02  1.76068016e-01
   2.59648784e-01  3.40891351e-01  4.13924662e-01  4.91572494e-01
   5.58370796e-01  6.18246117e-01  6.69509211e-01  7.15459551e-01
   7.50167598e-01  7.84713519e-01  8.02414870e-01  8.11526299e-01
   8.13785688e-01  8.11940245e-01  7.84530674e-01  7.69446787e-01
   7.38650751e-01  6.92719182e-01  6.45553443e-01  5.86689236e-01
   5.25422125e-01  4.54165613e-01  3.76137243e-01  3.01603757e-01
   2.17938255e-01  1.36324609e-01  4.88940501e-02 -3.88244795e-02]
 [-4.26523149e-02 -1.32320887e-01 -2.25436214e-01 -3.10770776e-01
  -3.98830209e-01 -4.80157604e-01 -5.47991565e-01 -6.17881145e-01
  -6.85905056e-01 -7.30639980e-01 -7.78963542e-01 -8.08858740e-01
  -8.37876980e-01 -8.60125527e-01 -8.68048507e-01 -8.61837817e-01
  -8.42443403e-01 -8.20809085e-01 -7.89707451e-01 -7.44288804e-01
  -7.02084235e-01 -6.53146389e-01 -5.79023388e-01 -5.10176181e-01
  -4.31529701e-01 -3.52793462e-01 -2.66569438e-01 -1.73723934e-01
  -8.32717063e-02  8.34042615e-03  1.01087208e-01  1.92027787e-01
   2.79574132e-01  3.65539966e-01  4.45362156e-01  5.26151164e-01
   5.95305457e-01  6.56781882e-01  7.18253387e-01  7.61569061e-01
   8.05364332e-01  8.23613938e-01  8.57437490e-01  8.69441719e-01
   8.68925940e-01  8.57323347e-01  8.45223468e-01  8.15830643e-01
   7.88027968e-01  7.41178360e-01  6.85897883e-01  6.26447402e-01
   5.56392047e-01  4.84236717e-01  4.02513903e-01  3.18857537e-01
   2.31739423e-01  1.41947035e-01  4.85722095e-02 -4.26532170e-02]
 [-4.89943380e-02 -1.44929842e-01 -2.41901498e-01 -3.31507892e-01
  -4.18024826e-01 -5.08405724e-01 -5.80238546e-01 -6.48953969e-01
  -7.07740456e-01 -7.80601907e-01 -8.17902468e-01 -8.59290435e-01
  -8.66943129e-01 -9.01696616e-01 -9.14345257e-01 -9.07065041e-01
  -8.96207919e-01 -8.75076448e-01 -8.33080452e-01 -7.91021309e-01
  -7.48127593e-01 -6.79511957e-01 -6.14407033e-01 -5.32699427e-01
  -4.59012360e-01 -3.70447621e-01 -2.78004378e-01 -1.85056584e-01
  -8.91857172e-02  9.64530439e-03  1.06666759e-01  2.03036688e-01
   2.95859084e-01  3.85807230e-01  4.69957673e-01  5.52567700e-01
   6.27065104e-01  6.96682902e-01  7.51213729e-01  8.07645868e-01
   8.50705493e-01  8.84313644e-01  9.03914210e-01  9.13201944e-01
   9.17695059e-01  9.05962824e-01  8.95637793e-01  8.61482488e-01
   8.21458884e-01  7.73339419e-01  7.23595050e-01  6.54919202e-01
   5.80863446e-01  5.04621201e-01  4.19170374e-01  3.32111399e-01
   2.37461497e-01  1.42912819e-01  4.71321932e-02 -4.91849492e-02]
 [-5.65141921e-02 -1.54848255e-01 -2.52406692e-01 -3.47177529e-01
  -4.39957098e-01 -5.28566991e-01 -6.10503098e-01 -6.78484712e-01
  -7.55530674e-01 -7.99220379e-01 -8.52841217e-01 -8.96145416e-01
  -9.25817926e-01 -9.45130165e-01 -9.54918513e-01 -9.47576698e-01
  -9.37058276e-01 -9.09677709e-01 -8.68789606e-01 -8.31478052e-01
  -7.70341734e-01 -7.13208347e-01 -6.34547009e-01 -5.50646812e-01
  -4.74206595e-01 -3.86510156e-01 -2.84348215e-01 -1.87319724e-01
  -8.87604471e-02  1.12042065e-02  1.11955073e-01  2.13140501e-01
   3.09694189e-01  4.03610547e-01  4.94249670e-01  5.69437598e-01
   6.52470503e-01  7.25266222e-01  7.87264414e-01  8.39262738e-01
   8.81615867e-01  9.16483696e-01  9.40918917e-01  9.49757004e-01
   9.56793638e-01  9.47870263e-01  9.21987524e-01  8.90936065e-01
   8.54433522e-01  8.07871680e-01  7.43952256e-01  6.72300544e-01
   6.01810505e-01  5.21842783e-01  4.35646968e-01  3.43073526e-01
   2.43274677e-01  1.46483346e-01  4.51258881e-02 -5.46449176e-02]
 [-6.06217916e-02 -1.65000523e-01 -2.62864392e-01 -3.63618324e-01
  -4.59521427e-01 -5.49326392e-01 -6.34045471e-01 -7.01155395e-01
  -7.74222160e-01 -8.31843087e-01 -8.68403222e-01 -9.13140135e-01
  -9.55581086e-01 -9.69925079e-01 -9.74748887e-01 -9.60683142e-01
  -9.49746984e-01 -9.26367117e-01 -8.84395346e-01 -8.45205692e-01
  -7.82886313e-01 -7.27181694e-01 -6.50129312e-01 -5.74320071e-01
  -4.82024148e-01 -3.93180552e-01 -2.92640509e-01 -1.91464592e-01
  -9.03075052e-02  1.30668468e-02  1.16598850e-01  2.19413455e-01
   3.18760236e-01  4.11412033e-01  5.05879831e-01  5.90952357e-01
   6.74473597e-01  7.42332713e-01  8.03472695e-01  8.55439384e-01
   9.08831416e-01  9.39443998e-01  9.62161551e-01  9.77229560e-01
   9.79590727e-01  9.66252155e-01  9.46647034e-01  9.12657964e-01
   8.77007385e-01  8.21488967e-01  7.67130127e-01  6.93271909e-01
   6.12223863e-01  5.30931353e-01  4.41178620e-01  3.47132917e-01
   2.48568766e-01  1.46344682e-01  4.23597264e-02 -6.01311688e-02]
 [-6.48276020e-02 -1.71536531e-01 -2.73584485e-01 -3.73391061e-01
  -4.71603608e-01 -5.61985513e-01 -6.38392948e-01 -7.18886843e-01
  -7.92106842e-01 -8.46240320e-01 -8.99940772e-01 -9.24312939e-01
  -9.62830533e-01 -9.74742700e-01 -9.85578406e-01 -9.81272074e-01
  -9.73030953e-01 -9.37699171e-01 -9.06378079e-01 -8.58895111e-01
  -7.88095803e-01 -7.30766868e-01 -6.49736334e-01 -5.71220106e-01
  -4.86400830e-01 -3.93039107e-01 -2.93345494e-01 -1.93370930e-01
  -9.03951991e-02  1.52104666e-02  1.20602937e-01  2.24475971e-01
   3.25871548e-01  4.21303751e-01  5.17060109e-01  6.00454143e-01
   6.77909223e-01  7.56879990e-01  8.12216956e-01  8.72479905e-01
   9.10066540e-01  9.58731834e-01  9.73095527e-01  9.76396364e-01
   9.92629865e-01  9.82688334e-01  9.57765732e-01  9.29355803e-01
   8.87204632e-01  8.36206850e-01  7.65140054e-01  7.00778421e-01
   6.18334182e-01  5.38596036e-01  4.43790542e-01  3.49603795e-01
   2.46917650e-01  1.44130688e-01  3.93428160e-02 -6.61515740e-02]
 [-7.07182808e-02 -1.75250653e-01 -2.79429874e-01 -3.80857297e-01
  -4.71343557e-01 -5.65524516e-01 -6.48077438e-01 -7.19194020e-01
  -7.94345892e-01 -8.44816675e-01 -8.99749445e-01 -9.37187154e-01
  -9.71588655e-01 -9.89349455e-01 -9.85854902e-01 -9.87184177e-01
  -9.67368941e-01 -9.44375664e-01 -9.02947713e-01 -8.46283218e-01
  -7.99698747e-01 -7.33149442e-01 -6.63517050e-01 -5.76004444e-01
  -4.88641757e-01 -3.93593387e-01 -2.95763857e-01 -1.93710311e-01
  -8.69892388e-02  1.96736458e-02  1.23661275e-01  2.27846917e-01
   3.27541084e-01  4.27558397e-01  5.17518160e-01  6.04226087e-01
   6.81411672e-01  7.62399091e-01  8.14707391e-01  8.72357515e-01
   9.22033265e-01  9.58073983e-01  9.81460117e-01  9.91577891e-01
   9.92383054e-01  9.82045307e-01  9.52839641e-01  9.30148732e-01
   8.81788725e-01  8.30712731e-01  7.66901100e-01  6.98521523e-01
   6.17560175e-01  5.35154934e-01  4.44782186e-01  3.42838446e-01
   2.43433306e-01  1.39541703e-01  3.48409521e-02 -7.09857382e-02]
 [-7.52594777e-02 -1.80108255e-01 -2.82142187e-01 -3.79219317e-01
  -4.73159087e-01 -5.63022385e-01 -6.48812742e-01 -7.22246892e-01
  -7.83689914e-01 -8.41604659e-01 -8.88451209e-01 -9.33185976e-01
  -9.60024236e-01 -9.84466929e-01 -9.86700368e-01 -9.87111993e-01
  -9.59718123e-01 -9.43461018e-01 -8.94918078e-01 -8.54287844e-01
  -7.94706813e-01 -7.18597532e-01 -6.53255776e-01 -5.66942538e-01
  -4.80192926e-01 -3.88691929e-01 -2.90486886e-01 -1.85597278e-01
  -8.39998097e-02  2.26581105e-02  1.25539873e-01  2.29602181e-01
   3.31487250e-01  4.28890454e-01  5.18039001e-01  5.94089045e-01
   6.76842767e-01  7.56122027e-01  8.10694513e-01  8.74931992e-01
   9.15194072e-01  9.50213344e-01  9.65056377e-01  9.82273084e-01
   9.87217110e-01  9.70347477e-01  9.44845002e-01  9.14125007e-01
   8.62273603e-01  8.08803603e-01  7.55035399e-01  6.83506598e-01
   6.06052415e-01  5.22248347e-01  4.32148650e-01  3.35124947e-01
   2.37348064e-01  1.34682804e-01  3.00606411e-02 -7.57926175e-02]
 [-7.92102445e-02 -1.81147883e-01 -2.82212806e-01 -3.76292907e-01
  -4.69701089e-01 -5.53297553e-01 -6.40110602e-01 -7.12037289e-01
  -7.73946996e-01 -8.28703968e-01 -8.82847972e-01 -9.19648562e-01
  -9.37910603e-01 -9.61248445e-01 -9.69079439e-01 -9.62110280e-01
  -9.50046315e-01 -9.18704561e-01 -8.72903744e-01 -8.36346449e-01
  -7.78416215e-01 -7.12569986e-01 -6.37919393e-01 -5.57915966e-01
  -4.69778457e-01 -3.74227561e-01 -2.80493213e-01 -1.80783500e-01
  -7.83182964e-02  2.35035989e-02  1.24029182e-01  2.27651040e-01
   3.24970810e-01  4.22653592e-01  5.04920876e-01  5.91703448e-01
   6.76928743e-01  7.43157534e-01  7.98076223e-01  8.55588898e-01
   8.88944158e-01  9.29390711e-01  9.51092087e-01  9.62926333e-01
   9.57177020e-01  9.50486647e-01  9.17983884e-01  8.97841728e-01
   8.42784009e-01  8.05182530e-01  7.44736860e-01  6.69202386e-01
   5.92887738e-01  5.10392211e-01  4.20796618e-01  3.25635927e-01
   2.26225924e-01  1.26115673e-01  2.41194177e-02 -7.92202923e-02]
 [-8.15429549e-02 -1.78501652e-01 -2.77931068e-01 -3.73066959e-01
  -4.61607072e-01 -5.46891515e-01 -6.22569421e-01 -6.94144518e-01
  -7.52077739e-01 -8.05433033e-01 -8.59745907e-01 -8.96706864e-01
  -9.22470641e-01 -9.30319822e-01 -9.22527387e-01 -9.27978348e-01
  -9.19008257e-01 -8.82591192e-01 -8.46240081e-01 -8.10631051e-01
  -7.47867526e-01 -6.90298480e-01 -6.15127692e-01 -5.35458462e-01
  -4.49001820e-01 -3.63090934e-01 -2.67994875e-01 -1.72746110e-01
  -7.27755112e-02  2.67961890e-02  1.25582577e-01  2.23615098e-01
   3.14734727e-01  4.11661836e-01  4.93628334e-01  5.77715613e-01
   6.44882783e-01  7.22084610e-01  7.83390537e-01  8.24624411e-01
   8.74470045e-01  8.95619673e-01  9.23382514e-01  9.29661143e-01
   9.32845042e-01  9.24187594e-01  8.92752127e-01  8.64596211e-01
   8.25628800e-01  7.69249823e-01  7.14413988e-01  6.41838788e-01
   5.72901151e-01  4.89541140e-01  4.00240887e-01  3.08534804e-01
   2.08937288e-01  1.13490982e-01  1.61582621e-02 -8.25218475e-02]
 [-8.50282519e-02 -1.80229373e-01 -2.72661750e-01 -3.61768619e-01
  -4.48539574e-01 -5.28904891e-01 -5.98795194e-01 -6.66034640e-01
  -7.26329771e-01 -7.83509095e-01 -8.21376863e-01 -8.59517081e-01
  -8.75569415e-01 -8.91332734e-01 -8.98929673e-01 -8.94150930e-01
  -8.80708291e-01 -8.50946277e-01 -8.17580406e-01 -7.72650407e-01
  -7.15111242e-01 -6.52616752e-01 -5.87206777e-01 -5.11060788e-01
  -4.29479034e-01 -3.43107753e-01 -2.52212706e-01 -1.59834474e-01
  -6.40548580e-02  3.27004168e-02  1.23374084e-01  2.15629084e-01
   3.02223545e-01  3.97846036e-01  4.78750870e-01  5.51921878e-01
   6.28830326e-01  6.89804487e-01  7.36621610e-01  7.95120369e-01
   8.31635628e-01  8.55192509e-01  8.72983991e-01  8.90986748e-01
   8.89831552e-01  8.72362194e-01  8.63342712e-01  8.26266090e-01
   7.86560603e-01  7.29602267e-01  6.79841759e-01  6.15729077e-01
   5.40669608e-01  4.56213605e-01  3.78135882e-01  2.88788286e-01
   1.99706939e-01  1.05012513e-01  9.59704644e-03 -8.47037287e-02]
 [-8.91458639e-02 -1.76383182e-01 -2.65044764e-01 -3.47981070e-01
  -4.30102353e-01 -5.05321084e-01 -5.72835346e-01 -6.36039944e-01
  -6.88948178e-01 -7.42363782e-01 -7.80667961e-01 -8.10963142e-01
  -8.37109649e-01 -8.46354079e-01 -8.48725684e-01 -8.41520008e-01
  -8.24276072e-01 -7.96807962e-01 -7.65367544e-01 -7.25407859e-01
  -6.69157888e-01 -6.09865829e-01 -5.45513210e-01 -4.77841640e-01
  -4.00636999e-01 -3.18839193e-01 -2.33525433e-01 -1.44848585e-01
  -5.67720374e-02  3.49334725e-02  1.23861307e-01  2.10028664e-01
   2.92172102e-01  3.73291028e-01  4.53815951e-01  5.23911865e-01
   5.91769669e-01  6.51077025e-01  6.97606009e-01  7.47976594e-01
   7.88698817e-01  8.15281785e-01  8.28581929e-01  8.37632062e-01
   8.41341621e-01  8.21185243e-01  8.03225172e-01  7.76515696e-01
   7.36805699e-01  6.92890632e-01  6.32512624e-01  5.72644915e-01
   4.97831393e-01  4.23875471e-01  3.48227485e-01  2.64904892e-01
   1.75674806e-01  9.21993007e-02  4.76260330e-04 -8.94855858e-02]
 [-9.47632186e-02 -1.74374290e-01 -2.55537599e-01 -3.31901528e-01
  -4.05478224e-01 -4.74523034e-01 -5.37757327e-01 -5.96465133e-01
  -6.50490394e-01 -6.86658106e-01 -7.28604894e-01 -7.59233655e-01
  -7.78890356e-01 -7.89800145e-01 -7.87595365e-01 -7.85280310e-01
  -7.66481287e-01 -7.41918424e-01 -7.09726539e-01 -6.71442029e-01
  -6.15734944e-01 -5.67911988e-01 -5.03766775e-01 -4.38507525e-01
  -3.66388727e-01 -2.87164455e-01 -2.07721890e-01 -1.29982782e-01
  -4.47835092e-02  4.18835176e-02  1.20244870e-01  2.03237761e-01
   2.79477905e-01  3.58357242e-01  4.29820978e-01  4.94823505e-01
   5.55262599e-01  6.10593190e-01  6.59003171e-01  7.00997194e-01
   7.35919132e-01  7.54226415e-01  7.72565685e-01  7.73414497e-01
   7.73482348e-01  7.68410662e-01  7.35699403e-01  7.22380338e-01
   6.85219819e-01  6.30651290e-01  5.83973970e-01  5.25422199e-01
   4.56647505e-01  3.87401265e-01  3.13056501e-01  2.37650035e-01
   1.59630541e-01  7.69420596e-02 -6.89185767e-03 -8.88054235e-02]
 [-9.28582921e-02 -1.68740562e-01 -2.39758484e-01 -3.11537963e-01
  -3.75267255e-01 -4.41263979e-01 -5.00164949e-01 -5.50825162e-01
  -5.99098069e-01 -6.38746809e-01 -6.71260666e-01 -6.96142062e-01
  -7.13233148e-01 -7.10619703e-01 -7.14565457e-01 -7.12086537e-01
  -6.98108705e-01 -6.78295718e-01 -6.44596930e-01 -6.08919924e-01
  -5.59785635e-01 -5.07729591e-01 -4.53289410e-01 -3.91640731e-01
  -3.26496049e-01 -2.62087380e-01 -1.84092601e-01 -1.10617376e-01
  -3.13418741e-02  4.12114434e-02  1.18626954e-01  1.92263173e-01
   2.61448197e-01  3.31711218e-01  3.98118627e-01  4.54422820e-01
   5.04092537e-01  5.62869497e-01  6.03368061e-01  6.41923949e-01
   6.67808422e-01  6.91477595e-01  7.07341883e-01  7.09597401e-01
   7.00810786e-01  6.78524640e-01  6.70669329e-01  6.45847681e-01
   6.12338261e-01  5.71271666e-01  5.28424782e-01  4.67418398e-01
   4.14510768e-01  3.48803319e-01  2.80759643e-01  2.04027293e-01
   1.36316883e-01  6.06871449e-02 -1.56987839e-02 -9.16202672e-02]
 [-9.28256407e-02 -1.59838390e-01 -2.29467904e-01 -2.87913956e-01
  -3.48363104e-01 -4.02403906e-01 -4.56378232e-01 -5.00293319e-01
  -5.36915156e-01 -5.68788237e-01 -6.02038773e-01 -6.25480304e-01
  -6.35525870e-01 -6.43874887e-01 -6.43664595e-01 -6.34004041e-01
  -6.19272808e-01 -6.02965557e-01 -5.72781943e-01 -5.39501172e-01
  -4.94662716e-01 -4.46443230e-01 -4.02255067e-01 -3.46021637e-01
  -2.88554149e-01 -2.22170818e-01 -1.56787020e-01 -9.07154249e-02
  -2.15725756e-02  4.81250332e-02  1.12669594e-01  1.78830101e-01
   2.43431809e-01  3.02319603e-01  3.63459708e-01  4.08191366e-01
   4.58385929e-01  5.09163236e-01  5.44098356e-01  5.75336363e-01
   5.94488367e-01  6.20494860e-01  6.17419676e-01  6.32071894e-01
   6.28290059e-01  6.17324395e-01  5.99287488e-01  5.69715149e-01
   5.40761382e-01  5.04732203e-01  4.61156804e-01  4.15804280e-01
   3.57155813e-01  2.96199945e-01  2.40554954e-01  1.75112692e-01
   1.09583866e-01  4.15456240e-02 -2.93012101e-02 -9.27665690e-02]
 [-9.71962067e-02 -1.53805689e-01 -2.06154885e-01 -2.61478120e-01
  -3.10206181e-01 -3.60835911e-01 -3.98384256e-01 -4.43279790e-01
  -4.78255660e-01 -5.02460288e-01 -5.28232933e-01 -5.42734611e-01
  -5.57697713e-01 -5.56652439e-01 -5.55987099e-01 -5.52065702e-01
  -5.38860570e-01 -5.19091423e-01 -4.94808566e-01 -4.60446369e-01
  -4.24605760e-01 -3.83214962e-01 -3.42464451e-01 -2.90049050e-01
  -2.39949344e-01 -1.80243697e-01 -1.27478715e-01 -7.11184702e-02
  -1.21967535e-02  5.02628780e-02  1.03653824e-01  1.63342433e-01
   2.18274414e-01  2.66096456e-01  3.07964470e-01  3.69234187e-01
   4.04901386e-01  4.36921265e-01  4.77848179e-01  5.02567513e-01
   5.20114166e-01  5.42580513e-01  5.47929012e-01  5.52502081e-01
   5.48006182e-01  5.29591634e-01  5.08012909e-01  4.84169316e-01
   4.63693731e-01  4.27789888e-01  3.84631234e-01  3.48799364e-01
   3.02955944e-01  2.49716041e-01  1.93898388e-01  1.43198493e-01
   7.77503403e-02  1.79659340e-02 -3.72476545e-02 -9.39472620e-02]
 [-9.52837454e-02 -1.40974798e-01 -1.85719297e-01 -2.34306304e-01
  -2.74689457e-01 -3.10127167e-01 -3.51600222e-01 -3.76975343e-01
  -4.11344978e-01 -4.29931197e-01 -4.49867702e-01 -4.56487292e-01
  -4.69183037e-01 -4.74316412e-01 -4.73688380e-01 -4.62635223e-01
  -4.48635432e-01 -4.28313823e-01 -4.07963970e-01 -3.82191481e-01
  -3.49182575e-01 -3.15030305e-01 -2.74940219e-01 -2.32912257e-01
  -1.88408696e-01 -1.43549358e-01 -9.59825519e-02 -4.50587138e-02
   2.61533000e-03  5.37012073e-02  1.04291217e-01  1.45551586e-01
   1.93941840e-01  2.34091925e-01  2.74052248e-01  3.16378060e-01
   3.48541878e-01  3.77024696e-01  3.91981733e-01  4.24339832e-01
   4.45442927e-01  4.52461871e-01  4.51339063e-01  4.59487757e-01
   4.56158135e-01  4.38598260e-01  4.15281855e-01  4.09703255e-01
   3.81986624e-01  3.52447659e-01  3.16417823e-01  2.74518928e-01
   2.42383023e-01  1.93210155e-01  1.46766268e-01  1.04962033e-01
   5.17574047e-02 -1.15097098e-03 -4.66687521e-02 -9.40247212e-02]
 [-9.19803901e-02 -1.28518889e-01 -1.66607054e-01 -1.98413699e-01
  -2.34070419e-01 -2.64109958e-01 -2.88848883e-01 -3.12736494e-01
  -3.39212681e-01 -3.52382717e-01 -3.61571652e-01 -3.74109071e-01
  -3.77833620e-01 -3.76048229e-01 -3.79654414e-01 -3.64065265e-01
  -3.47462669e-01 -3.41465046e-01 -3.19487203e-01 -2.96352861e-01
  -2.76298838e-01 -2.39707016e-01 -2.08049393e-01 -1.76639227e-01
  -1.37380097e-01 -9.91930789e-02 -5.84177939e-02 -1.94095374e-02
   1.81323851e-02  5.27599267e-02  9.52065642e-02  1.35588901e-01
   1.61862162e-01  2.06146853e-01  2.31970504e-01  2.64233025e-01
   2.88516984e-01  3.06958405e-01  3.26805441e-01  3.41294220e-01
   3.52356878e-01  3.58103717e-01  3.62654276e-01  3.59864397e-01
   3.55167190e-01  3.38555643e-01  3.28649246e-01  3.14675328e-01
   2.89490035e-01  2.59923374e-01  2.39165782e-01  2.00701841e-01
   1.78197091e-01  1.42295253e-01  1.05122322e-01  6.51559200e-02
   2.77702101e-02 -1.16318597e-02 -5.79918376e-02 -9.39799195e-02]
 [-9.51639226e-02 -1.16209646e-01 -1.45065262e-01 -1.68049581e-01
  -1.90475113e-01 -2.13341193e-01 -2.31618853e-01 -2.47864124e-01
  -2.61879283e-01 -2.68946597e-01 -2.78271463e-01 -2.82492028e-01
  -2.83633440e-01 -2.78447656e-01 -2.75322032e-01 -2.68338251e-01
  -2.58210931e-01 -2.45517674e-01 -2.24899773e-01 -2.07432724e-01
  -1.85662844e-01 -1.63924792e-01 -1.36849222e-01 -1.12229512e-01
  -8.21509345e-02 -5.65426450e-02 -2.84358959e-02 -6.14669954e-04
   2.99784365e-02  6.24015886e-02  8.87267146e-02  1.14960615e-01
   1.42593222e-01  1.65990867e-01  1.76897660e-01  2.01562875e-01
   2.20513391e-01  2.32349355e-01  2.44723124e-01  2.54114252e-01
   2.61214812e-01  2.68554506e-01  2.66917359e-01  2.58962725e-01
   2.54578596e-01  2.41628272e-01  2.27118314e-01  2.19948371e-01
   1.97434805e-01  1.69394240e-01  1.60055531e-01  1.33800654e-01
   1.08179084e-01  7.91630501e-02  5.10204048e-02  1.88805474e-02
  -2.39882028e-03 -3.53337594e-02 -6.75231939e-02 -9.23237644e-02]
 [-9.04554830e-02 -1.02812636e-01 -1.23203365e-01 -1.32421267e-01
  -1.46639495e-01 -1.60259151e-01 -1.65780535e-01 -1.75911354e-01
  -1.80779441e-01 -1.90093558e-01 -1.80814591e-01 -1.87225541e-01
  -1.87170065e-01 -1.76635423e-01 -1.73343005e-01 -1.64171237e-01
  -1.54765333e-01 -1.43892266e-01 -1.29909246e-01 -1.11175856e-01
  -9.75261825e-02 -8.23011174e-02 -6.75666783e-02 -4.45873408e-02
  -2.98559067e-02 -1.50533253e-02  7.50969879e-03  2.82862165e-02
   4.62922440e-02  5.96300525e-02  8.26798901e-02  8.93516257e-02
   1.10798019e-01  1.24524128e-01  1.37929167e-01  1.40597251e-01
   1.52444830e-01  1.59879658e-01  1.62833493e-01  1.66337953e-01
   1.65353457e-01  1.67900787e-01  1.64343347e-01  1.59961991e-01
   1.47628430e-01  1.37647381e-01  1.33110699e-01  1.16993882e-01
   1.01581846e-01  8.79348939e-02  7.61645023e-02  5.73232862e-02
   3.94554263e-02  1.90680095e-02  6.55539535e-03 -1.81749411e-02
  -3.68347476e-02 -5.49959788e-02 -7.29562757e-02 -9.22575656e-02]
 [-8.59198301e-02 -9.49713386e-02 -9.33661136e-02 -9.97433017e-02
  -1.02656070e-01 -9.94337747e-02 -1.00229580e-01 -1.04569973e-01
  -1.01442369e-01 -9.70656833e-02 -9.12366617e-02 -8.85118009e-02
  -8.23002865e-02 -7.36347321e-02 -6.55675301e-02 -6.39683219e-02
  -4.93944449e-02 -3.84846805e-02 -3.27621057e-02 -2.10087253e-02
  -9.04749380e-03 -1.02103506e-03  7.48083334e-03  1.73513158e-02
   2.98166717e-02  3.50066370e-02  4.14105084e-02  5.13761920e-02
   5.85691265e-02  6.92303355e-02  6.84188695e-02  7.48197818e-02
   7.84828380e-02  8.29299597e-02  8.09723667e-02  8.06974588e-02
   8.09820245e-02  8.38403692e-02  7.90878100e-02  7.69572882e-02
   7.30708555e-02  6.72693747e-02  5.85492505e-02  5.19820439e-02
   4.58061942e-02  3.55290175e-02  2.67559529e-02  2.10656978e-02
   5.66626542e-03 -2.24317737e-03 -8.23301488e-03 -2.20951166e-02
  -3.17031521e-02 -3.77055472e-02 -5.43895253e-02 -5.72369421e-02
  -6.53861629e-02 -7.28892808e-02 -8.20563377e-02 -8.66602940e-02]
 [-8.33185128e-02 -8.05896812e-02 -7.37230895e-02 -6.24216575e-02
  -5.42186224e-02 -4.37291625e-02 -4.21815143e-02 -2.67045611e-02
  -2.11246879e-02 -1.35271905e-02  2.36265200e-03  1.40878356e-02
   2.14986932e-02  3.05916425e-02  3.73687054e-02  4.69224799e-02
   5.25050028e-02  6.36355069e-02  5.90623561e-02  7.21090436e-02
   7.05232860e-02  7.98682131e-02  8.39364471e-02  8.40545986e-02
   8.27837428e-02  8.30058960e-02  7.93152612e-02  7.85565157e-02
   7.18459334e-02  6.95098979e-02  6.41481716e-02  5.43486940e-02
   4.37543609e-02  4.21307520e-02  2.93633431e-02  2.07354348e-02
   1.74897232e-02  1.70476719e-03 -1.98589902e-03 -1.77139629e-02
  -2.35648996e-02 -3.11286651e-02 -4.04286156e-02 -4.93020270e-02
  -6.50399940e-02 -6.76752828e-02 -7.91147878e-02 -8.09777890e-02
  -8.94053245e-02 -9.15511122e-02 -9.75890627e-02 -9.91520693e-02
  -1.03043002e-01 -1.04795995e-01 -1.03772321e-01 -1.00587281e-01
  -9.78383136e-02 -9.29723231e-02 -8.82827210e-02 -8.84951948e-02]
 [-7.96808207e-02 -6.39989335e-02 -4.83140213e-02 -2.45495568e-02
  -5.80670804e-03  8.81102854e-03  2.69768143e-02  4.27348123e-02
   6.23009437e-02  7.83062656e-02  9.42095412e-02  1.10180590e-01
   1.23084591e-01  1.36215086e-01  1.42649780e-01  1.50737106e-01
   1.54049291e-01  1.65980102e-01  1.66328408e-01  1.57561855e-01
   1.61382297e-01  1.57257340e-01  1.58467136e-01  1.46663527e-01
   1.32004674e-01  1.21938200e-01  1.18623550e-01  9.88687922e-02
   8.18270589e-02  6.88396930e-02  5.29703222e-02  3.95099048e-02
   1.92528371e-02 -1.14277831e-03 -1.56667631e-02 -3.50584013e-02
  -5.80261951e-02 -7.34779750e-02 -9.20905199e-02 -1.03059787e-01
  -1.23276391e-01 -1.30065919e-01 -1.46171697e-01 -1.55656766e-01
  -1.63583268e-01 -1.72435455e-01 -1.79391925e-01 -1.82801572e-01
  -1.84257344e-01 -1.83040427e-01 -1.78014502e-01 -1.77083609e-01
  -1.70489515e-01 -1.65035936e-01 -1.50806126e-01 -1.42696941e-01
  -1.26322786e-01 -1.09417076e-01 -9.73183606e-02 -8.33078474e-02]
 [-7.77143250e-02 -4.57367244e-02 -2.47476914e-02  9.80094570e-03
   3.82076211e-02  5.75587462e-02  8.55372330e-02  1.20212163e-01
   1.39291349e-01  1.69509375e-01  1.86592797e-01  2.05397558e-01
   2.24605087e-01  2.33413923e-01  2.45342481e-01  2.52167898e-01
   2.62040419e-01  2.63716171e-01  2.61515795e-01  2.51395492e-01
   2.45328132e-01  2.32875522e-01  2.25760269e-01  2.13993373e-01
   1.90457687e-01  1.70979025e-01  1.45764606e-01  1.26786809e-01
   9.86609668e-02  7.20277048e-02  4.61783161e-02  1.59816221e-02
  -9.17164612e-03 -4.34887132e-02 -6.66132956e-02 -9.93220090e-02
  -1.24219612e-01 -1.53542043e-01 -1.74891446e-01 -1.94411736e-01
  -2.15003861e-01 -2.33927200e-01 -2.45102578e-01 -2.57864336e-01
  -2.67727086e-01 -2.73915044e-01 -2.75107131e-01 -2.79216848e-01
  -2.77543110e-01 -2.71214297e-01 -2.61958826e-01 -2.51111742e-01
  -2.39266161e-01 -2.20956114e-01 -1.99452069e-01 -1.77138181e-01
  -1.52839462e-01 -1.35853636e-01 -1.08921252e-01 -7.79878331e-02]
 [-7.67769862e-02 -3.43485722e-02  4.22692813e-03  4.53140664e-02
   8.75314251e-02  1.23881609e-01  1.55456933e-01  1.80585758e-01
   2.19376971e-01  2.47059095e-01  2.71213267e-01  2.85016708e-01
   3.21739664e-01  3.35190499e-01  3.50657258e-01  3.51375714e-01
   3.58360769e-01  3.64456324e-01  3.56292900e-01  3.42450531e-01
   3.34814721e-01  3.19387501e-01  2.95419873e-01  2.69153835e-01
   2.40416651e-01  2.14063732e-01  1.84087406e-01  1.50275064e-01
   1.12927570e-01  7.41376986e-02  2.97048818e-02 -9.21380097e-03
  -4.81381851e-02 -8.10364032e-02 -1.16357526e-01 -1.56736395e-01
  -1.87768192e-01 -2.22180984e-01 -2.54057830e-01 -2.80249418e-01
  -3.02491050e-01 -3.26383931e-01 -3.44946023e-01 -3.60461786e-01
  -3.69724805e-01 -3.74364010e-01 -3.77863112e-01 -3.70959983e-01
  -3.68384963e-01 -3.55428557e-01 -3.36928929e-01 -3.20986220e-01
  -3.00467460e-01 -2.72699087e-01 -2.47151920e-01 -2.17968925e-01
  -1.83792769e-01 -1.50037241e-01 -1.15286448e-01 -7.02819246e-02]
 [-7.42056237e-02 -1.83636956e-02  2.91408038e-02  7.99267366e-02
   1.24785548e-01  1.70068399e-01  2.14666728e-01  2.56101384e-01
   2.99279512e-01  3.24811343e-01  3.53491695e-01  3.89060751e-01
   4.09897150e-01  4.29359358e-01  4.44823396e-01  4.52524712e-01
   4.53945151e-01  4.44748893e-01  4.43461288e-01  4.33010814e-01
   4.08907562e-01  3.81765126e-01  3.58366930e-01  3.27481691e-01
   2.89067647e-01  2.56405650e-01  2.17906991e-01  1.72106532e-01
   1.23063603e-01  7.68737394e-02  2.64150702e-02 -2.05254962e-02
  -7.32892703e-02 -1.21161872e-01 -1.65154853e-01 -2.12347214e-01
  -2.58190503e-01 -2.93554076e-01 -3.33586275e-01 -3.63986967e-01
  -3.97608165e-01 -4.17679659e-01 -4.42538430e-01 -4.52516842e-01
  -4.57295844e-01 -4.69860853e-01 -4.65595777e-01 -4.59686698e-01
  -4.49253358e-01 -4.36519986e-01 -4.16959820e-01 -3.91735259e-01
  -3.63998557e-01 -3.28844833e-01 -2.94066558e-01 -2.53653433e-01
  -2.08453748e-01 -1.63552032e-01 -1.16898975e-01 -6.76605469e-02]
 [-6.42688040e-02 -7.99815089e-03  5.21730713e-02  1.09300998e-01
   1.68553012e-01  2.21698811e-01  2.71477939e-01  3.20547238e-01
   3.68092426e-01  4.12271396e-01  4.46656425e-01  4.79533125e-01
   4.88834920e-01  5.17250631e-01  5.34929999e-01  5.43852243e-01
   5.35501368e-01  5.32972472e-01  5.31990835e-01  5.06298318e-01
   4.87906906e-01  4.57228874e-01  4.24051162e-01  3.84418177e-01
   3.42521845e-01  2.87852530e-01  2.40998848e-01  1.92476432e-01
   1.34156426e-01  8.01000521e-02  1.82009447e-02 -4.37812373e-02
  -1.01796714e-01 -1.58831290e-01 -2.12950610e-01 -2.63852380e-01
  -3.14136234e-01 -3.63301471e-01 -4.04338727e-01 -4.44545085e-01
  -4.74591483e-01 -5.05887008e-01 -5.27729015e-01 -5.44413048e-01
  -5.56610249e-01 -5.62104633e-01 -5.59700296e-01 -5.44495352e-01
  -5.35801984e-01 -5.14399273e-01 -4.92408037e-01 -4.55200976e-01
  -4.22159804e-01 -3.81089644e-01 -3.31024199e-01 -2.85834498e-01
  -2.32388788e-01 -1.82118424e-01 -1.24607398e-01 -6.44980263e-02]
 [-5.99305594e-02  3.36574056e-03  7.87423791e-02  1.42130814e-01
   2.03215209e-01  2.69175804e-01  3.26134260e-01  3.83699005e-01
   4.37043609e-01  4.79994205e-01  5.15723653e-01  5.57568052e-01
   5.85722833e-01  5.99084609e-01  6.21769985e-01  6.31856642e-01
   6.12864349e-01  6.05025771e-01  6.04536068e-01  5.83856539e-01
   5.60926870e-01  5.19617141e-01  4.80643346e-01  4.27809203e-01
   3.77093852e-01  3.32915342e-01  2.67491811e-01  2.12245384e-01
   1.46143686e-01  7.75656249e-02  1.14136663e-02 -5.69531986e-02
  -1.26349429e-01 -1.90805306e-01 -2.53992732e-01 -3.17863931e-01
  -3.72807941e-01 -4.22973794e-01 -4.76877813e-01 -5.18567766e-01
  -5.55301129e-01 -5.86042892e-01 -6.13097794e-01 -6.23685955e-01
  -6.38804932e-01 -6.43387261e-01 -6.36432356e-01 -6.31064602e-01
  -6.12673641e-01 -5.83901109e-01 -5.53132722e-01 -5.18864635e-01
  -4.77438183e-01 -4.21779690e-01 -3.74985800e-01 -3.20708454e-01
  -2.54356886e-01 -1.90007728e-01 -1.23176105e-01 -5.90329357e-02]
 [-5.53364349e-02  2.01921255e-02  9.91885668e-02  1.73487655e-01
   2.43561159e-01  3.12368848e-01  3.74565441e-01  4.42112547e-01
   5.01424683e-01  5.49290147e-01  5.84015529e-01  6.31840391e-01
   6.64982810e-01  6.67418290e-01  6.91646681e-01  6.99204035e-01
   7.00461593e-01  6.96998889e-01  6.71813149e-01  6.55099861e-01
   6.25359474e-01  5.75735787e-01  5.36245342e-01  4.82450653e-01
   4.25269736e-01  3.60006616e-01  2.99934088e-01  2.24204853e-01
   1.54405571e-01  7.76152243e-02  4.56510248e-04 -7.07240194e-02
  -1.48146395e-01 -2.22901267e-01 -2.94134069e-01 -3.60638131e-01
  -4.25455640e-01 -4.80915231e-01 -5.38630169e-01 -5.84584331e-01
  -6.22759045e-01 -6.53960036e-01 -6.88714320e-01 -7.07726533e-01
  -7.16840297e-01 -7.21891299e-01 -7.13756018e-01 -6.97957152e-01
  -6.79753724e-01 -6.54481482e-01 -6.17667628e-01 -5.67796234e-01
  -5.24112620e-01 -4.66568485e-01 -4.05995885e-01 -3.39109723e-01
  -2.72177923e-01 -2.02957523e-01 -1.25414093e-01 -5.25718910e-02]
 [-4.80406276e-02  3.32699906e-02  1.11532007e-01  2.03784297e-01
   2.74554926e-01  3.54519606e-01  4.28575749e-01  4.89319152e-01
   5.55034027e-01  6.02598110e-01  6.55379084e-01  6.90467756e-01
   7.24944919e-01  7.58065604e-01  7.67745404e-01  7.69390786e-01
   7.66759111e-01  7.61404298e-01  7.41764933e-01  7.10744522e-01
   6.82736291e-01  6.25622240e-01  5.74173128e-01  5.26453755e-01
   4.62382326e-01  3.94764360e-01  3.14040103e-01  2.42729190e-01
   1.59679872e-01  7.53995224e-02 -4.78478557e-03 -8.84736726e-02
  -1.68702263e-01 -2.50075107e-01 -3.24050693e-01 -3.99967056e-01
  -4.71555663e-01 -5.32575025e-01 -5.91073644e-01 -6.44842109e-01
  -6.89119808e-01 -7.19885278e-01 -7.57041516e-01 -7.74573494e-01
  -7.87509931e-01 -7.87267037e-01 -7.77687616e-01 -7.65468406e-01
  -7.44476772e-01 -7.05982705e-01 -6.63596135e-01 -6.21143176e-01
  -5.68612669e-01 -5.05426851e-01 -4.35269583e-01 -3.69398092e-01
  -2.92662336e-01 -2.11835868e-01 -1.32851276e-01 -4.72465471e-02]
 [-4.42984695e-02  4.27760424e-02  1.33778566e-01  2.23476601e-01
   3.06546045e-01  3.83625621e-01  4.61439779e-01  5.39034119e-01
   6.02319269e-01  6.57944849e-01  7.11118049e-01  7.51215748e-01
   7.85776599e-01  8.16436816e-01  8.24610730e-01  8.39263250e-01
   8.32117856e-01  8.26190391e-01  7.97680105e-01  7.64496592e-01
   7.27030131e-01  6.84358243e-01  6.20958455e-01  5.66954598e-01
   4.90814647e-01  4.16040027e-01  3.37775276e-01  2.54941955e-01
   1.67187500e-01  7.47773596e-02 -1.32540138e-02 -1.02653286e-01
  -1.88492888e-01 -2.72093338e-01 -3.59026626e-01 -4.38520259e-01
  -5.08510229e-01 -5.81208375e-01 -6.39791053e-01 -7.01263352e-01
  -7.33816932e-01 -7.86312322e-01 -8.09813373e-01 -8.31085605e-01
  -8.47330000e-01 -8.41320478e-01 -8.37116929e-01 -8.13295278e-01
  -7.94306364e-01 -7.58559189e-01 -7.17094240e-01 -6.62644676e-01
  -6.03137981e-01 -5.37104202e-01 -4.62629419e-01 -3.88236308e-01
  -3.03210546e-01 -2.16070175e-01 -1.31299360e-01 -4.25175019e-02]
 [-3.69805850e-02  5.90312863e-02  1.51959212e-01  2.44843102e-01
   3.30520733e-01  4.19849050e-01  5.00472435e-01  5.78989328e-01
   6.36740994e-01  7.10952582e-01  7.64855417e-01  8.02346921e-01
   8.28519530e-01  8.68238359e-01  8.76433468e-01  8.90499410e-01
   8.71662303e-01  8.75878977e-01  8.48301617e-01  8.08819116e-01
   7.68118210e-01  7.15843841e-01  6.58867911e-01  5.92839642e-01
   5.20398747e-01  4.36426600e-01  3.51692649e-01  2.62435541e-01
   1.71649119e-01  7.71542655e-02 -1.92842177e-02 -1.14526786e-01
  -2.04800268e-01 -2.95889783e-01 -3.82592792e-01 -4.71398238e-01
  -5.46861110e-01 -6.17738046e-01 -6.84108690e-01 -7.39620637e-01
  -7.88746382e-01 -8.36014163e-01 -8.67016065e-01 -8.78744430e-01
  -8.93175099e-01 -8.96877045e-01 -8.88706319e-01 -8.65191374e-01
  -8.43972157e-01 -7.99463478e-01 -7.53851972e-01 -6.97543435e-01
  -6.33880914e-01 -5.62563106e-01 -4.86078409e-01 -4.03303239e-01
  -3.15809337e-01 -2.25706356e-01 -1.31992628e-01 -3.79157684e-02]
 [-3.20536572e-02  6.59746608e-02  1.63588742e-01  2.64299589e-01
   3.56885715e-01  4.43215227e-01  5.31219022e-01  5.95909314e-01
   6.79091159e-01  7.45300513e-01  7.96122809e-01  8.43265056e-01
   8.78757387e-01  9.13966853e-01  9.24028409e-01  9.32326132e-01
   9.18584486e-01  9.12188537e-01  8.82769411e-01  8.44694688e-01
   7.91381957e-01  7.42492243e-01  6.79796641e-01  6.18143659e-01
   5.32497994e-01  4.49037566e-01  3.64817634e-01  2.73581693e-01
   1.73051802e-01  7.77983917e-02 -2.47039076e-02 -1.23987200e-01
  -2.16818475e-01 -3.17311833e-01 -4.09464461e-01 -4.92519093e-01
  -5.75511922e-01 -6.52185150e-01 -7.11815321e-01 -7.75596748e-01
  -8.31273087e-01 -8.66328994e-01 -8.98828553e-01 -9.22902298e-01
  -9.35202478e-01 -9.30558211e-01 -9.24178308e-01 -9.04900050e-01
  -8.78726471e-01 -8.35505218e-01 -7.82119514e-01 -7.24845992e-01
  -6.57543346e-01 -5.83617823e-01 -5.01722977e-01 -4.15065852e-01
  -3.24040859e-01 -2.29759041e-01 -1.29982348e-01 -3.19369454e-02]
 [-2.71588073e-02  7.49510735e-02  1.78815913e-01  2.76544220e-01
   3.75503184e-01  4.67094091e-01  5.52118410e-01  6.38802277e-01
   7.10927096e-01  7.67522838e-01  8.23649612e-01  8.63759363e-01
   9.10369878e-01  9.36746981e-01  9.47166385e-01  9.62947429e-01
   9.56809546e-01  9.47805948e-01  9.10828624e-01  8.70282092e-01
   8.27770914e-01  7.75775268e-01  7.04152489e-01  6.19391210e-01
   5.49250916e-01  4.65248627e-01  3.68897572e-01  2.77507984e-01
   1.73828258e-01  7.49736825e-02 -2.89367792e-02 -1.31311041e-01
  -2.31857375e-01 -3.30232499e-01 -4.24869218e-01 -5.15838162e-01
  -6.01190397e-01 -6.65539591e-01 -7.35667469e-01 -8.06973027e-01
  -8.60028847e-01 -9.00135333e-01 -9.33681117e-01 -9.48600637e-01
  -9.70052818e-01 -9.55398972e-01 -9.51263498e-01 -9.35626759e-01
  -9.00926409e-01 -8.55871883e-01 -8.07281680e-01 -7.41689591e-01
  -6.73220144e-01 -5.93738956e-01 -5.08586346e-01 -4.16215810e-01
  -3.28660576e-01 -2.30401452e-01 -1.26483143e-01 -2.71739075e-02]
 [-2.10409375e-02  8.40285215e-02  1.85788777e-01  2.85101915e-01
   3.88478336e-01  4.80970660e-01  5.63559188e-01  6.46433003e-01
   7.29336936e-01  7.86790847e-01  8.44982314e-01  8.96400702e-01
   9.29961206e-01  9.55775161e-01  9.82971430e-01  9.81799195e-01
   9.77350320e-01  9.60639899e-01  9.25538440e-01  8.92257029e-01
   8.43492639e-01  7.77175928e-01  7.19122258e-01  6.46836668e-01
   5.58252628e-01  4.70357659e-01  3.75458004e-01  2.80146932e-01
   1.74863332e-01  7.25667055e-02 -3.29812757e-02 -1.37667104e-01
  -2.38895373e-01 -3.40293240e-01 -4.36686704e-01 -5.29561147e-01
  -6.14901564e-01 -6.89919983e-01 -7.59878875e-01 -8.16943932e-01
  -8.82725798e-01 -9.21058934e-01 -9.47960791e-01 -9.70566039e-01
  -9.86818679e-01 -9.80583522e-01 -9.71196478e-01 -9.46290105e-01
  -9.10304036e-01 -8.74268282e-01 -8.19042401e-01 -7.51231335e-01
  -6.80618770e-01 -6.00350366e-01 -5.19584590e-01 -4.24746502e-01
  -3.29936923e-01 -2.30409005e-01 -1.26525276e-01 -2.23651120e-02]
 [-1.72068465e-02  8.80132175e-02  1.94609037e-01  2.94213664e-01
   3.95570673e-01  4.87546960e-01  5.78614199e-01  6.61074645e-01
   7.34910554e-01  7.97945653e-01  8.60498986e-01  8.97603035e-01
   9.44102616e-01  9.69240912e-01  9.82858757e-01  9.85234473e-01
   9.83642322e-01  9.64878273e-01  9.38148932e-01  9.00535410e-01
   8.34603503e-01  7.93344624e-01  7.23107495e-01  6.37386190e-01
   5.59817710e-01  4.69049095e-01  3.76760735e-01  2.77103679e-01
   1.74891024e-01  6.82110615e-02 -3.57030025e-02 -1.37847829e-01
  -2.45215624e-01 -3.44207724e-01 -4.45781338e-01 -5.34693656e-01
  -6.17475429e-01 -6.98077972e-01 -7.74202790e-01 -8.22596809e-01
  -8.82742888e-01 -9.28988787e-01 -9.53629902e-01 -9.72705700e-01
  -9.94928372e-01 -9.87923184e-01 -9.71861272e-01 -9.52545005e-01
  -9.20426818e-01 -8.82755621e-01 -8.18149089e-01 -7.60552144e-01
  -6.85977247e-01 -6.01540315e-01 -5.15135953e-01 -4.28728320e-01
  -3.28474894e-01 -2.25700987e-01 -1.20723288e-01 -1.70907422e-02]
 [-1.20490328e-02  9.22939508e-02  1.96214959e-01  2.97551616e-01
   3.94673654e-01  4.91587131e-01  5.75171855e-01  6.55193866e-01
   7.35124185e-01  7.95782771e-01  8.55820151e-01  9.08246905e-01
   9.35791301e-01  9.70290534e-01  9.84118876e-01  9.97242267e-01
   9.82595265e-01  9.68081745e-01  9.40981877e-01  8.95564246e-01
   8.43025476e-01  7.83687800e-01  7.08603964e-01  6.43171765e-01
   5.56329394e-01  4.69729431e-01  3.75475617e-01  2.75297343e-01
   1.68906700e-01  6.69496638e-02 -3.86386065e-02 -1.44229671e-01
  -2.45032904e-01 -3.46754143e-01 -4.41080953e-01 -5.35831917e-01
  -6.17526609e-01 -6.95418040e-01 -7.66914383e-01 -8.28148371e-01
  -8.84751660e-01 -9.24781097e-01 -9.50324134e-01 -9.83509807e-01
  -9.80290070e-01 -9.77656059e-01 -9.65154403e-01 -9.53565246e-01
  -9.15040554e-01 -8.72537514e-01 -8.16062871e-01 -7.50587011e-01
  -6.79713217e-01 -6.03359080e-01 -5.07567171e-01 -4.21912492e-01
  -3.24540748e-01 -2.19324214e-01 -1.17753601e-01 -1.20491795e-02]
 [-8.89512945e-03  9.53460249e-02  1.97150645e-01  2.99005420e-01
   3.93209318e-01  4.88219137e-01  5.78323013e-01  6.57509553e-01
   7.28236875e-01  7.98298491e-01  8.52505409e-01  8.91119943e-01
   9.31582326e-01  9.45685461e-01  9.72863926e-01  9.80633231e-01
   9.74981385e-01  9.52048661e-01  9.23660648e-01  8.83758985e-01
   8.30082250e-01  7.70622433e-01  7.07074896e-01  6.30501672e-01
   5.48185830e-01  4.60941154e-01  3.66040101e-01  2.70685791e-01
   1.66258261e-01  6.37044893e-02 -4.05008133e-02 -1.43184664e-01
  -2.47085663e-01 -3.39710759e-01 -4.37069224e-01 -5.29174005e-01
  -6.11670493e-01 -6.93043867e-01 -7.57944439e-01 -8.20496105e-01
  -8.72868565e-01 -9.17657212e-01 -9.40495151e-01 -9.59161702e-01
  -9.75512939e-01 -9.68790699e-01 -9.58003203e-01 -9.38933097e-01
  -8.99700818e-01 -8.60003003e-01 -7.97669887e-01 -7.37684101e-01
  -6.64806431e-01 -5.76575275e-01 -5.05115969e-01 -4.06538705e-01
  -3.15391004e-01 -2.13941994e-01 -1.10484903e-01 -8.58462889e-03]
 [-3.46357439e-03  9.69260139e-02  1.95929571e-01  2.91826073e-01
   3.90420937e-01  4.73755511e-01  5.63627040e-01  6.38251988e-01
   7.14961770e-01  7.69057368e-01  8.32800145e-01  8.73113706e-01
   9.10454406e-01  9.28974672e-01  9.55836207e-01  9.46477668e-01
   9.46616105e-01  9.25048619e-01  9.01479369e-01  8.59113317e-01
   8.12059265e-01  7.53419641e-01  6.84957020e-01  6.17220463e-01
   5.34164683e-01  4.48107602e-01  3.57097236e-01  2.59124348e-01
   1.60211908e-01  6.01487498e-02 -3.96301854e-02 -1.40429116e-01
  -2.40033397e-01 -3.38980351e-01 -4.27022050e-01 -5.09976582e-01
  -5.98362560e-01 -6.77372202e-01 -7.34818677e-01 -7.94256856e-01
  -8.44868359e-01 -8.91400095e-01 -9.12325526e-01 -9.37612807e-01
  -9.52848711e-01 -9.53387968e-01 -9.31923161e-01 -9.04972189e-01
  -8.68340005e-01 -8.29256836e-01 -7.77360921e-01 -7.06495871e-01
  -6.48531228e-01 -5.68689378e-01 -4.84262302e-01 -3.97640401e-01
  -2.93696220e-01 -2.03335627e-01 -1.07058991e-01 -3.42671411e-03]
 [ 7.83304800e-04  9.62523015e-02  1.95342568e-01  2.86474624e-01
   3.77787347e-01  4.64700313e-01  5.43568555e-01  6.23461780e-01
   6.89815492e-01  7.49670130e-01  7.99311090e-01  8.38958246e-01
   8.77131068e-01  9.00639505e-01  9.18740810e-01  9.12336329e-01
   9.11881662e-01  8.86595241e-01  8.64078690e-01  8.27367014e-01
   7.84592800e-01  7.19400441e-01  6.60597990e-01  5.88201876e-01
   5.14938968e-01  4.29451948e-01  3.42642469e-01  2.48442864e-01
   1.55544756e-01  5.66618370e-02 -4.07474070e-02 -1.37647481e-01
  -2.33520519e-01 -3.16356771e-01 -4.15264809e-01 -4.96537882e-01
  -5.75386225e-01 -6.52717269e-01 -7.08033013e-01 -7.66399439e-01
  -8.20953051e-01 -8.50231388e-01 -8.80644163e-01 -9.06902555e-01
  -9.08877991e-01 -9.04151626e-01 -8.91930128e-01 -8.73732296e-01
  -8.37682924e-01 -7.96468273e-01 -7.49717230e-01 -6.83044493e-01
  -6.17447390e-01 -5.48939368e-01 -4.61646279e-01 -3.76304607e-01
  -2.88705068e-01 -1.90519567e-01 -9.66779226e-02 -1.32523088e-03]
 [ 1.93141962e-03  9.44223693e-02  1.85637612e-01  2.77663917e-01
   3.63819189e-01  4.45790380e-01  5.21008395e-01  5.89660297e-01
   6.56052382e-01  7.14814829e-01  7.55039227e-01  8.06307860e-01
   8.38388071e-01  8.56393858e-01  8.71666890e-01  8.74997318e-01
   8.56911764e-01  8.44877385e-01  8.17879953e-01  7.83321012e-01
   7.39272449e-01  6.92482310e-01  6.22887885e-01  5.53282240e-01
   4.86147221e-01  4.08899628e-01  3.24384404e-01  2.36477583e-01
   1.44666375e-01  5.18204372e-02 -3.87275573e-02 -1.31699866e-01
  -2.22327290e-01 -3.10508744e-01 -3.96879102e-01 -4.73256354e-01
  -5.41075888e-01 -6.18188943e-01 -6.71225614e-01 -7.27609188e-01
  -7.75038507e-01 -8.11197693e-01 -8.44157129e-01 -8.56207292e-01
  -8.60341295e-01 -8.55401151e-01 -8.52216929e-01 -8.20795552e-01
  -7.97919652e-01 -7.56249547e-01 -7.09920468e-01 -6.54507037e-01
  -5.86958443e-01 -5.06450370e-01 -4.32249994e-01 -3.60595715e-01
  -2.70157402e-01 -1.80326654e-01 -8.89811216e-02  5.51335145e-03]
 [ 4.61684414e-03  9.34455792e-02  1.76727982e-01  2.60975049e-01
   3.43343874e-01  4.17304756e-01  4.92323856e-01  5.56667108e-01
   6.16951181e-01  6.70529786e-01  7.14048832e-01  7.47035898e-01
   7.82531156e-01  8.03416270e-01  8.09814216e-01  8.12956526e-01
   8.08536748e-01  7.94837134e-01  7.60688167e-01  7.39675594e-01
   6.90636405e-01  6.45292128e-01  5.85939417e-01  5.25276987e-01
   4.54626694e-01  3.78642539e-01  3.02551767e-01  2.19206631e-01
   1.33292325e-01  4.93785214e-02 -3.58909530e-02 -1.26452981e-01
  -2.08357705e-01 -2.91075942e-01 -3.66690132e-01 -4.43328597e-01
  -5.07119672e-01 -5.83082196e-01 -6.35665522e-01 -6.88132672e-01
  -7.24762117e-01 -7.58416243e-01 -7.82957965e-01 -8.02708643e-01
  -8.11937802e-01 -8.06875621e-01 -7.81168074e-01 -7.75108034e-01
  -7.38011149e-01 -7.04435371e-01 -6.60961705e-01 -6.05780103e-01
  -5.52131544e-01 -4.78651242e-01 -4.06434528e-01 -3.25002143e-01
  -2.47608445e-01 -1.63994848e-01 -8.22800836e-02  5.75810413e-03]
 [ 1.00865704e-02  8.68161873e-02  1.66187085e-01  2.41250680e-01
   3.17517990e-01  3.89053093e-01  4.49829408e-01  5.10083721e-01
   5.72387572e-01  6.21858724e-01  6.64026033e-01  6.90770243e-01
   7.23045356e-01  7.41643678e-01  7.55063841e-01  7.53832485e-01
   7.45834998e-01  7.29883232e-01  7.09540172e-01  6.78571374e-01
   6.39492484e-01  5.94781617e-01  5.41205214e-01  4.83211107e-01
   4.21262287e-01  3.51060370e-01  2.77767916e-01  1.99812807e-01
   1.24019740e-01  4.41709099e-02 -3.47359042e-02 -1.10364005e-01
  -1.92892572e-01 -2.69301873e-01 -3.40520578e-01 -4.05448046e-01
  -4.73646223e-01 -5.29668669e-01 -5.82175379e-01 -6.30250587e-01
  -6.70083935e-01 -6.97040120e-01 -7.22695354e-01 -7.34370349e-01
  -7.28240858e-01 -7.32501300e-01 -7.25082347e-01 -7.14217574e-01
  -6.75374884e-01 -6.49139610e-01 -6.02146412e-01 -5.49351872e-01
  -5.03667408e-01 -4.38105399e-01 -3.66984416e-01 -2.95987103e-01
  -2.26692468e-01 -1.50365003e-01 -7.12968909e-02  1.00623978e-02]
 [ 1.29287973e-02  8.20776697e-02  1.48611046e-01  2.20718834e-01
   2.87562926e-01  3.51241339e-01  4.13920626e-01  4.64604434e-01
   5.17438790e-01  5.62206145e-01  6.00609451e-01  6.27121191e-01
   6.51112983e-01  6.67559454e-01  6.74231195e-01  6.81274939e-01
   6.75148626e-01  6.64456157e-01  6.43041185e-01  6.15368426e-01
   5.79391562e-01  5.38759734e-01  4.85795201e-01  4.35888156e-01
   3.78207981e-01  3.16178058e-01  2.50736303e-01  1.80011986e-01
   1.14828185e-01  4.41708662e-02 -3.06356039e-02 -9.61114387e-02
  -1.71462101e-01 -2.44145359e-01 -3.06726457e-01 -3.65609221e-01
  -4.28666933e-01 -4.79595306e-01 -5.19535951e-01 -5.67844561e-01
  -6.07583428e-01 -6.32995210e-01 -6.47896277e-01 -6.58227882e-01
  -6.55048936e-01 -6.64487383e-01 -6.47220227e-01 -6.34194282e-01
  -6.18043282e-01 -5.77981272e-01 -5.37293457e-01 -5.05078284e-01
  -4.47821729e-01 -3.88537409e-01 -3.22690885e-01 -2.72692702e-01
  -2.06422645e-01 -1.32995547e-01 -6.15350944e-02  1.30637926e-02]
 [ 1.00241742e-02  7.96825776e-02  1.36987551e-01  1.94038597e-01
   2.56361371e-01  3.12460170e-01  3.65502815e-01  4.08944072e-01
   4.55393105e-01  4.92902262e-01  5.29743502e-01  5.57415581e-01
   5.76577456e-01  5.91244135e-01  6.00490714e-01  5.98903573e-01
   5.96547731e-01  5.84590769e-01  5.61861932e-01  5.42307938e-01
   5.08003507e-01  4.71147139e-01  4.28616340e-01  3.87443653e-01
   3.30595835e-01  2.79827057e-01  2.20873113e-01  1.59257519e-01
   1.02581857e-01  3.65765532e-02 -2.64014234e-02 -9.14378777e-02
  -1.49623430e-01 -2.10719132e-01 -2.67030530e-01 -3.24531259e-01
  -3.75137430e-01 -4.15710217e-01 -4.67150004e-01 -4.98243037e-01
  -5.25967330e-01 -5.55832762e-01 -5.73679004e-01 -5.75205290e-01
  -5.87296479e-01 -5.82599345e-01 -5.74302419e-01 -5.53082047e-01
  -5.37523977e-01 -5.01726518e-01 -4.74481132e-01 -4.33392566e-01
  -3.93159268e-01 -3.46440870e-01 -2.85523291e-01 -2.38884617e-01
  -1.77521489e-01 -1.14311097e-01 -5.31588764e-02  1.32815558e-02]
 [ 9.18759465e-03  6.63838461e-02  1.19455249e-01  1.71764516e-01
   2.18299741e-01  2.70836731e-01  3.10370380e-01  3.57773983e-01
   3.89773171e-01  4.26616539e-01  4.50070889e-01  4.79256658e-01
   4.93922051e-01  5.03316593e-01  5.14868910e-01  5.09114145e-01
   5.07178674e-01  5.00508155e-01  4.83340984e-01  4.64294605e-01
   4.38673272e-01  4.03132988e-01  3.67350851e-01  3.28328218e-01
   2.84002793e-01  2.36129714e-01  1.89847708e-01  1.35934416e-01
   8.25505397e-02  2.88541305e-02 -1.99730297e-02 -7.45748776e-02
  -1.26923685e-01 -1.71805805e-01 -2.27793413e-01 -2.70032271e-01
  -3.12709468e-01 -3.55149337e-01 -3.88304768e-01 -4.23161616e-01
  -4.41033121e-01 -4.67596211e-01 -4.85490778e-01 -4.92368537e-01
  -4.98997663e-01 -4.94437315e-01 -4.88342837e-01 -4.78405151e-01
  -4.55159482e-01 -4.31285358e-01 -3.98219747e-01 -3.65850941e-01
  -3.32712348e-01 -2.91754706e-01 -2.43917907e-01 -1.90943426e-01
  -1.47646840e-01 -9.04290375e-02 -4.29164532e-02  9.22078385e-03]
 [ 1.31431322e-02  5.36492744e-02  9.71951389e-02  1.46896648e-01
   1.85872207e-01  2.23036584e-01  2.56889263e-01  2.95073374e-01
   3.22476643e-01  3.47102554e-01  3.73979915e-01  3.87721323e-01
   3.99809189e-01  4.11072506e-01  4.19186229e-01  4.21430289e-01
   4.16080173e-01  4.07540358e-01  3.93465588e-01  3.84908780e-01
   3.52339094e-01  3.32041466e-01  3.00651458e-01  2.66835372e-01
   2.33521252e-01  1.95348962e-01  1.53805155e-01  1.17412929e-01
   7.18957217e-02  3.30732348e-02 -1.98625934e-02 -6.25347721e-02
  -1.06514327e-01 -1.40147700e-01 -1.85877681e-01 -2.20034413e-01
  -2.59618320e-01 -2.84959219e-01 -3.20317791e-01 -3.41569420e-01
  -3.69090274e-01 -3.81556048e-01 -3.94049793e-01 -3.92924081e-01
  -3.96023821e-01 -3.91168627e-01 -3.92855596e-01 -3.80939052e-01
  -3.60779725e-01 -3.50236433e-01 -3.24040986e-01 -3.01631554e-01
  -2.64744358e-01 -2.34137671e-01 -2.00037437e-01 -1.48864613e-01
  -1.12433364e-01 -7.83830985e-02 -2.71664171e-02  1.87137023e-02]
 [ 1.68396822e-02  4.81612692e-02  7.96742957e-02  1.12788155e-01
   1.45238356e-01  1.65654484e-01  1.95006432e-01  2.31687292e-01
   2.47095979e-01  2.71118281e-01  2.85372040e-01  2.95316209e-01
   3.04750841e-01  3.18659748e-01  3.17976128e-01  3.24116725e-01
   3.17723646e-01  3.14949591e-01  3.01184065e-01  2.92363120e-01
   2.71521411e-01  2.52670194e-01  2.29528973e-01  2.05964874e-01
   1.76907208e-01  1.51714203e-01  1.20961212e-01  9.43358459e-02
   5.50916013e-02  2.50927074e-02 -1.39094187e-02 -4.57222988e-02
  -7.57606525e-02 -1.09551578e-01 -1.38301326e-01 -1.70029921e-01
  -1.88265683e-01 -2.17135683e-01 -2.38855516e-01 -2.53979860e-01
  -2.76078171e-01 -2.85175377e-01 -2.96846348e-01 -2.96389208e-01
  -3.03727743e-01 -3.06261095e-01 -2.91453281e-01 -2.88157740e-01
  -2.74158058e-01 -2.62001296e-01 -2.49661818e-01 -2.29627202e-01
  -1.96695732e-01 -1.70772894e-01 -1.51523183e-01 -1.18339490e-01
  -8.30311860e-02 -5.11701382e-02 -2.02559224e-02  1.50770719e-02]
 [ 1.27360895e-02  3.54358291e-02  5.93396992e-02  7.94616032e-02
   9.60013146e-02  1.19094196e-01  1.38588363e-01  1.54627211e-01
   1.73929658e-01  1.85052458e-01  1.94723918e-01  2.06372976e-01
   2.12140797e-01  2.14992262e-01  2.19218717e-01  2.18879527e-01
   2.18119677e-01  2.16087041e-01  2.09453436e-01  1.98023269e-01
   1.86036746e-01  1.81027413e-01  1.61266845e-01  1.40057710e-01
   1.25594296e-01  1.05556265e-01  8.35607026e-02  5.91076415e-02
   3.95490983e-02  1.88120295e-02 -5.71238241e-03 -2.39670061e-02
  -4.39811584e-02 -7.13293179e-02 -8.98601431e-02 -1.05464343e-01
  -1.29282189e-01 -1.39005176e-01 -1.57433752e-01 -1.76187411e-01
  -1.82010017e-01 -1.93981186e-01 -2.01849696e-01 -2.01413476e-01
  -2.02596243e-01 -1.97638559e-01 -1.92577230e-01 -1.94230963e-01
  -1.82668928e-01 -1.75896338e-01 -1.63077880e-01 -1.44907700e-01
  -1.34465905e-01 -1.11936517e-01 -9.56005225e-02 -7.11105397e-02
  -5.72239943e-02 -3.17057977e-02 -1.38247016e-02  1.24210513e-02]
 [ 7.94603034e-03  2.89206094e-02  3.28112059e-02  4.38921138e-02
   5.91558396e-02  6.45468489e-02  7.21872192e-02  8.45193772e-02
   9.95104146e-02  9.89599747e-02  1.05293054e-01  1.06722045e-01
   1.17571061e-01  1.14964266e-01  1.17928218e-01  1.19396211e-01
   1.17660577e-01  1.16470707e-01  1.09870109e-01  1.04848789e-01
   1.02565454e-01  9.60102599e-02  8.49957945e-02  7.42906533e-02
   7.21499697e-02  6.05701064e-02  4.61293848e-02  3.71877328e-02
   2.40982236e-02  1.62056394e-02  7.08746719e-03 -6.22417539e-03
  -2.33455564e-02 -2.93132473e-02 -2.94908376e-02 -4.81773258e-02
  -5.99170204e-02 -6.58232059e-02 -7.35877103e-02 -8.23627082e-02
  -8.94399226e-02 -9.29615307e-02 -9.64134799e-02 -9.18447909e-02
  -9.30669578e-02 -9.88569499e-02 -1.00101028e-01 -9.57282461e-02
  -8.61786897e-02 -8.57434700e-02 -7.91291732e-02 -6.47203975e-02
  -6.28910704e-02 -5.06008985e-02 -4.35159023e-02 -3.26194142e-02
  -2.21753962e-02 -1.24434495e-02  3.81760864e-04  9.81409215e-03]
 [ 1.41343506e-02  6.88748969e-03  1.11182941e-02  9.75574033e-03
   7.63577600e-03  1.18348353e-02  1.20515722e-02  1.13288879e-02
   1.24172080e-02  1.25683317e-02  1.46749181e-02  8.83616481e-03
   1.08731542e-02  1.68646561e-02  1.29149541e-02  1.09373980e-02
   1.08851659e-02  1.08236544e-02  8.75418819e-03  1.25653333e-02
   1.64154191e-02  1.03001560e-02  1.20881190e-02  1.18904079e-02
   9.67667172e-03  1.43963272e-02  9.17793583e-03  8.93036156e-03
   1.06541059e-02  8.39572759e-03  1.08855047e-02  7.87999424e-03
   1.57078493e-02  1.13444726e-02  9.13380831e-03  1.09200274e-02
   1.46710963e-02  4.55256399e-03  1.03680399e-02  1.39047179e-02
   7.22119194e-03  1.20136483e-02  5.96891497e-03  9.93909321e-03
   7.93277413e-03  5.98625999e-03  7.26943506e-03  7.48323400e-03
   1.02038818e-02  1.03257956e-02  6.50105221e-03  1.06510035e-02
   1.60763103e-02  9.07969169e-03  7.53686332e-03  7.24324980e-03
   1.37877196e-02  8.99672622e-03  1.02853153e-02  1.28258216e-02]]
minima = -0.9949283723680694
coord = [44, 44]
For betaplot:
beta_vec = [0.         0.05324733 0.10649467 0.159742   0.21298933 0.26623667
 0.319484   0.37273133 0.42597866 0.479226   0.53247333 0.58572066
 0.638968   0.69221533 0.74546266 0.79871    0.85195733 0.90520466
 0.958452   1.01169933 1.06494666 1.118194   1.17144133 1.22468866
 1.27793599 1.33118333 1.38443066 1.43767799 1.49092533 1.54417266
 1.59741999 1.65066733 1.70391466 1.75716199 1.81040933 1.86365666
 1.91690399 1.97015133 2.02339866 2.07664599 2.12989332 2.18314066
 2.23638799 2.28963532 2.34288266 2.39612999 2.44937732 2.50262466
 2.55587199 2.60911932 2.66236666 2.71561399 2.76886132 2.82210865
 2.87535599 2.92860332 2.98185065 3.03509799 3.08834532 3.14159265]
zz = [0.25341486979092476, 0.27713315237722597, 0.49226413572464595, 0.32096695680523735, 0.3406855270688071, 0.35882611871930126, 0.37517471573942623, 0.389532094722206, 0.4018104673474598, 0.41198165121801594, 0.42003142937319865, 0.4259656499463284, 0.4298131661464976, 0.4316178663061823, 0.43143526485571754, 0.42932888253389684, 0.42536632226133786, 0.4196169658364453, 0.4121500579592588, 0.40303370958051427, 0.3923350886909117, 0.3801211956554147, 0.36646065099628705, 0.35142606318223263, 0.33509687533393373, 0.3175625891716638, 0.29892597380658525, 0.2793062186989143, 0.2588416150064276, 0.2376917005446173, 0.21603866717599576, 0.19408770319822244, 0.17206645384167388, 0.15022325184727348, 0.12882428104322982, 0.10814963381253606, 0.08848838785655432, 0.07013277613037841, 0.05337178800690279, 0.038484222336514974, 0.025731537406938315, 0.015350816212423499, 0.007547992341428364, 0.002491667693230116, 0.00030777620801662834, 0.0010752483938694475, 0.004822907273797163, 0.01152770802578125, 0.021114394706336703, 0.0334566147032287, 0.04837945588340198, 0.06566328634241167, 0.08504889564481798, 0.1062435304720938, 0.12892781842027223, 0.15276324311099382, 0.17739989202746975, 0.20248427649147396, 0.22766688382847694, 0.25260922753056514]
zo = [0.2496690416342947, 0.27774813126343895, 0.49166389274989003, 0.33633591165385107, 0.3676398732917588, 0.39714962369081513, 0.42493706107715595, 0.4513937131057642, 0.4760157243789668, 0.49841407057419823, 0.5183168124506128, 0.5353520007465159, 0.549248129637702, 0.5597707297488879, 0.5667072494914368, 0.5699327410066934, 0.569362006857071, 0.5649742302803491, 0.5568224784885363, 0.545008931317956, 0.5297067332789808, 0.5111440711235521, 0.4895975205867377, 0.4653966025177815, 0.4389037649800861, 0.4105143674011693, 0.3806466579212425, 0.3497285602141962, 0.31819508411307856, 0.2864746372253044, 0.25498303090643143, 0.22411729014663398, 0.19424680500588332, 0.1657109738855406, 0.13881388932664876, 0.11382194290918252, 0.09096341125379187, 0.0704272841670687, 0.05236510356738474, 0.036892581467499554, 0.024092131188335517, 0.01401631646091866, 0.006691098839992211, 0.002119469780834726, 0.0002848459935384453, 0.001154119952307873, 0.004680247707033109, 0.010804204660051938, 0.019456238584066334, 0.03055643384031917, 0.04401441417288384, 0.05972858720693444, 0.07758465821008244, 0.09745368314637147, 0.11919018960790002, 0.14262960023145066, 0.16758655642218362, 0.19385302428234233, 0.22119691542542633, 0.24936212438098723]
oz = [0.25109821165267754, 0.22068120035484817, 0.005521706039286975, 0.16461493823492887, 0.13977151685176858, 0.1158832016604556, 0.09363610088502278, 0.07357666086269705, 0.055788759864099986, 0.040371104191357574, 0.027416989835838384, 0.016963757165698194, 0.009035511960378127, 0.003632545059610856, 0.0007362270775810005, 0.00031602621907817033, 0.002329558936452676, 0.00672685014909089, 0.013450467809843108, 0.022438092899923694, 0.03362076158703119, 0.04692275874825798, 0.06226085857398306, 0.07953991166685341, 0.09865290164471238, 0.119476337513002, 0.14186741733796293, 0.1656631668247396, 0.19067556570113278, 0.21669229311890975, 0.24347514929245326, 0.27075928794104576, 0.2982568491554514, 0.3256568755997153, 0.35263035485566463, 0.3788351299486051, 0.4039197348133602, 0.4275323908105393, 0.4493261389652905, 0.4689669779381063, 0.486142692355098, 0.5005683877615829, 0.5119958644561903, 0.5202191364304565, 0.5250799190023503, 0.5264737390890433, 0.5243514603619183, 0.5187226411406228, 0.5096556756988673, 0.4972759406639928, 0.48176469147039624, 0.46335374874963875, 0.4423208665498152, 0.4189836962707563, 0.39369161963166244, 0.3668190238725281, 0.33875631679625656, 0.3099017901504499, 0.28065397271953846, 0.2514032169700782]
oo = [0.24581685168224854, 0.2199483572782829, 0.005705704446249826, 0.17186848359536908, 0.1504482789712434, 0.12809536120972684, 0.10607824265009438, 0.08543494905203555, 0.0663784534355164, 0.04920232728834133, 0.03422889530446035, 0.021711698005700664, 0.01189409985471292, 0.004977254094881785, 0.001116097125318221, 0.00041917499317166743, 0.002940307503795774, 0.008678566597910562, 0.017575441469915434, 0.02951720173321219, 0.0443352946994087, 0.06181063765217961, 0.08167904658837329, 0.10363594879846064, 0.12734502938172407, 0.15244510903902034, 0.1785586657847542, 0.20530062502645013, 0.23228638852367747, 0.25914009274674077, 0.2855018289327343, 0.31103446908294374, 0.3354286374372213, 0.3584076708427809, 0.37973024615716966, 0.3991921021065927, 0.41662726932361216, 0.43190635420833545, 0.44493582620139505, 0.45565502570377264, 0.46403250026691606, 0.4700633403955148, 0.4737638757622416, 0.47516862695850404, 0.47432630638255896, 0.47129576805423656, 0.4661442902517045, 0.4589442998027033, 0.4497726063038273, 0.4387099033981133, 0.4258403160618343, 0.4112533066612221, 0.3950444654943701, 0.3773179984431581, 0.3581892990578114, 0.33778702091647533, 0.3162561654018408, 0.2937598278670482, 0.2704811294595484, 0.24662437606089116]
