For contourf:
gamma_vec = [0.         0.05235988 0.10471976 0.15707963 0.20943951 0.26179939
 0.31415927 0.36651914 0.41887902 0.4712389  0.52359878 0.57595865
 0.62831853 0.68067841 0.73303829 0.78539816 0.83775804 0.89011792
 0.9424778  0.99483767 1.04719755 1.09955743 1.15191731 1.20427718
 1.25663706 1.30899694 1.36135682 1.41371669 1.46607657 1.51843645
 1.57079633 1.6231562  1.67551608 1.72787596 1.78023584 1.83259571
 1.88495559 1.93731547 1.98967535 2.04203522 2.0943951  2.14675498
 2.19911486 2.25147474 2.30383461 2.35619449 2.40855437 2.46091425
 2.51327412 2.565634   2.61799388 2.67035376 2.72271363 2.77507351
 2.82743339 2.87979327 2.93215314 2.98451302 3.0368729  3.08923278
 3.14159265]
beta_vec = [0.         0.05235988 0.10471976 0.15707963 0.20943951 0.26179939
 0.31415927 0.36651914 0.41887902 0.4712389  0.52359878 0.57595865
 0.62831853 0.68067841 0.73303829 0.78539816 0.83775804 0.89011792
 0.9424778  0.99483767 1.04719755 1.09955743 1.15191731 1.20427718
 1.25663706 1.30899694 1.36135682 1.41371669 1.46607657 1.51843645
 1.57079633 1.6231562  1.67551608 1.72787596 1.78023584 1.83259571
 1.88495559 1.93731547 1.98967535 2.04203522 2.0943951  2.14675498
 2.19911486 2.25147474 2.30383461 2.35619449 2.40855437 2.46091425
 2.51327412 2.565634   2.61799388 2.67035376 2.72271363 2.77507351
 2.82743339 2.87979327 2.93215314 2.98451302 3.0368729  3.08923278
 3.14159265]
exp_mat = [[ 1.15285676e-02  1.27397901e-02  7.80199794e-03  6.78066644e-03
   9.76580714e-03  8.78398028e-03  1.07661581e-02  8.78986395e-03
   8.79070963e-03  9.76631755e-03  8.78421293e-03  1.27378431e-02
   8.79099835e-03  7.77425610e-03  8.79828738e-03  8.77026804e-03
   8.69807464e-03  8.79611406e-03  8.78100493e-03  8.75565997e-03
   1.07591751e-02  1.07702173e-02  8.78012143e-03  7.80576582e-03
   7.80424523e-03  8.78314654e-03  7.48452812e-03  7.79847484e-03
   1.07513403e-02  8.78850599e-03  6.81174768e-03  7.80173495e-03
   7.80136301e-03  6.80185447e-03  7.79836595e-03  9.77841797e-03
   8.43691333e-03  8.79519392e-03  6.80961435e-03  8.78886555e-03
   6.81194295e-03  8.76731472e-03  8.79926891e-03  7.80845243e-03
   9.75315907e-03  8.78974784e-03  6.80496047e-03  7.79570410e-03
   7.79853227e-03  9.77203657e-03  8.78974564e-03  8.79794477e-03
   7.79048933e-03  8.77966930e-03  6.80731453e-03  8.78956215e-03
   8.77914171e-03  7.79961028e-03  8.79041000e-03  6.80796290e-03
   7.80291037e-03]
 [-3.93183024e-03 -1.03865802e-02 -1.58035879e-02 -1.77604876e-02
  -2.44313879e-02 -3.16386508e-02 -3.55852221e-02 -3.86707347e-02
  -4.46795547e-02 -4.72417931e-02 -5.03486590e-02 -5.91996395e-02
  -6.37139995e-02 -6.46276967e-02 -7.26304188e-02 -7.06581577e-02
  -7.46567200e-02 -8.11321461e-02 -8.20950581e-02 -8.35185409e-02
  -8.95673269e-02 -8.85305875e-02 -9.25567724e-02 -9.66227564e-02
  -9.33929122e-02 -9.78348032e-02 -9.74263994e-02 -9.86782171e-02
  -9.98991326e-02 -1.01264745e-01 -9.88880345e-02 -1.00508770e-01
  -9.84163524e-02 -9.86132529e-02 -9.50563620e-02 -9.52209843e-02
  -9.18629706e-02 -9.13660013e-02 -8.78253823e-02 -8.60282643e-02
  -8.23024614e-02 -7.92318843e-02 -7.56847416e-02 -7.31481889e-02
  -6.52105826e-02 -6.51378240e-02 -6.11040013e-02 -5.77143256e-02
  -5.21169720e-02 -4.74107536e-02 -4.05306977e-02 -3.75658720e-02
  -3.25909963e-02 -2.32856584e-02 -2.20163456e-02 -1.68170919e-02
  -1.12723560e-02 -6.96179391e-03  1.23800123e-03  4.97280441e-03
   1.04306728e-02]
 [-1.64487098e-02 -2.62613010e-02 -3.81243221e-02 -4.75404794e-02
  -5.71487151e-02 -6.94983881e-02 -7.69315878e-02 -8.64219951e-02
  -9.79123826e-02 -1.08995236e-01 -1.18409169e-01 -1.26194827e-01
  -1.32238589e-01 -1.41193535e-01 -1.49546492e-01 -1.57487103e-01
  -1.65850922e-01 -1.67996556e-01 -1.79437578e-01 -1.84163424e-01
  -1.90387333e-01 -1.94922908e-01 -1.96996293e-01 -1.97708333e-01
  -2.02974862e-01 -2.06100199e-01 -2.08371562e-01 -2.06539574e-01
  -2.08699701e-01 -2.09241004e-01 -2.09125471e-01 -2.03772546e-01
  -2.02808196e-01 -2.04778399e-01 -2.01279159e-01 -1.97041567e-01
  -1.95074362e-01 -1.90278873e-01 -1.81275714e-01 -1.79385747e-01
  -1.72119115e-01 -1.64630559e-01 -1.57433419e-01 -1.53045935e-01
  -1.44314126e-01 -1.36360307e-01 -1.29403937e-01 -1.22356117e-01
  -1.13777881e-01 -1.03594606e-01 -9.15802430e-02 -8.22051306e-02
  -7.31314932e-02 -6.32473956e-02 -5.19722058e-02 -4.14028738e-02
  -3.25805254e-02 -1.76686367e-02 -6.98893853e-03  3.79506308e-03
   1.55132927e-02]
 [-1.88679073e-02 -3.58781838e-02 -5.38521550e-02 -7.05277905e-02
  -8.50284072e-02 -1.01413942e-01 -1.14819921e-01 -1.30503295e-01
  -1.44058540e-01 -1.57840973e-01 -1.72893910e-01 -1.85711632e-01
  -1.97183242e-01 -2.08457253e-01 -2.20745975e-01 -2.32810890e-01
  -2.41906941e-01 -2.49537622e-01 -2.63324340e-01 -2.69259089e-01
  -2.73545173e-01 -2.78979758e-01 -2.89167763e-01 -2.95546116e-01
  -2.96777669e-01 -3.02120204e-01 -3.04168265e-01 -3.05363618e-01
  -3.07628497e-01 -3.05863547e-01 -3.02695388e-01 -3.03666015e-01
  -3.03774618e-01 -3.00559013e-01 -2.95905836e-01 -2.88586422e-01
  -2.82969071e-01 -2.80811333e-01 -2.66991734e-01 -2.64640418e-01
  -2.53055465e-01 -2.45776546e-01 -2.35230556e-01 -2.24640085e-01
  -2.09320777e-01 -2.02483262e-01 -1.89328698e-01 -1.75429748e-01
  -1.60403458e-01 -1.47985175e-01 -1.35724279e-01 -1.22166149e-01
  -1.04578002e-01 -8.84507335e-02 -6.97425532e-02 -5.91745035e-02
  -4.31555820e-02 -2.71918397e-02 -1.10889360e-02  5.96399096e-03
   2.10442476e-02]
 [-2.52245314e-02 -4.33795942e-02 -6.52832128e-02 -8.46182843e-02
  -1.08028257e-01 -1.28873368e-01 -1.48442644e-01 -1.65989492e-01
  -1.81976584e-01 -2.04426106e-01 -2.22271465e-01 -2.36157097e-01
  -2.56830196e-01 -2.69526756e-01 -2.87459451e-01 -2.99929280e-01
  -3.13953283e-01 -3.23114898e-01 -3.36803111e-01 -3.48009548e-01
  -3.58968904e-01 -3.64540686e-01 -3.76071798e-01 -3.80632705e-01
  -3.83852779e-01 -3.91980579e-01 -3.94874704e-01 -3.98664756e-01
  -3.99187094e-01 -3.99775013e-01 -3.96679760e-01 -3.90659434e-01
  -3.86810147e-01 -3.86441245e-01 -3.77445276e-01 -3.73943556e-01
  -3.71780202e-01 -3.55763385e-01 -3.48532042e-01 -3.40492200e-01
  -3.30405958e-01 -3.16238972e-01 -3.02160197e-01 -2.85749589e-01
  -2.73875303e-01 -2.53023561e-01 -2.38992083e-01 -2.26060058e-01
  -2.06020036e-01 -1.88298262e-01 -1.69556796e-01 -1.50146342e-01
  -1.33359666e-01 -1.10117085e-01 -9.16240800e-02 -6.97731494e-02
  -4.89409066e-02 -2.71887839e-02 -5.90897669e-03  1.43984962e-02
   3.55715351e-02]
 [-2.96062657e-02 -5.53131355e-02 -8.38524764e-02 -1.08145670e-01
  -1.32204740e-01 -1.57363597e-01 -1.82840434e-01 -2.05482228e-01
  -2.30115281e-01 -2.53075035e-01 -2.75478689e-01 -2.94237615e-01
  -3.18034753e-01 -3.32562870e-01 -3.54001078e-01 -3.73389843e-01
  -3.87331366e-01 -4.01349570e-01 -4.17281110e-01 -4.29846828e-01
  -4.36886533e-01 -4.49170671e-01 -4.60338474e-01 -4.68744512e-01
  -4.74969106e-01 -4.80903694e-01 -4.86722522e-01 -4.86364218e-01
  -4.91446012e-01 -4.88464999e-01 -4.86391639e-01 -4.85037665e-01
  -4.83662203e-01 -4.75925339e-01 -4.68893492e-01 -4.59982633e-01
  -4.48506604e-01 -4.40963013e-01 -4.30436418e-01 -4.14882274e-01
  -4.00777187e-01 -3.87098837e-01 -3.69096087e-01 -3.56151612e-01
  -3.36423235e-01 -3.18239899e-01 -2.95684905e-01 -2.75736628e-01
  -2.50600432e-01 -2.31351102e-01 -2.05434975e-01 -1.79698534e-01
  -1.59436360e-01 -1.35225631e-01 -1.08809319e-01 -8.53690451e-02
  -5.59343813e-02 -3.08170146e-02 -5.56815138e-03  2.36474560e-02
   4.62173926e-02]
 [-3.87776107e-02 -7.04812743e-02 -1.00186698e-01 -1.30350344e-01
  -1.60901194e-01 -1.89985275e-01 -2.16420512e-01 -2.46532812e-01
  -2.71112833e-01 -2.98044858e-01 -3.26614054e-01 -3.49338088e-01
  -3.74414186e-01 -3.96726416e-01 -4.18326992e-01 -4.37633952e-01
  -4.59723480e-01 -4.75971076e-01 -4.91679626e-01 -5.09283424e-01
  -5.23197172e-01 -5.30493423e-01 -5.42763305e-01 -5.52125861e-01
  -5.63868713e-01 -5.69277104e-01 -5.68847080e-01 -5.76694123e-01
  -5.75687887e-01 -5.78616607e-01 -5.72808356e-01 -5.72119320e-01
  -5.68659019e-01 -5.57876905e-01 -5.52604158e-01 -5.41987011e-01
  -5.28565527e-01 -5.18078267e-01 -5.05633134e-01 -4.93152436e-01
  -4.72631410e-01 -4.56518399e-01 -4.37432845e-01 -4.17341047e-01
  -3.93931362e-01 -3.70430958e-01 -3.50062667e-01 -3.19406428e-01
  -2.98400179e-01 -2.70635875e-01 -2.46121057e-01 -2.16250467e-01
  -1.88384992e-01 -1.57858282e-01 -1.28947683e-01 -9.81333454e-02
  -7.00462408e-02 -3.70669622e-02 -7.90737658e-03  2.26153653e-02
   5.31905746e-02]
 [-4.62243680e-02 -7.99077705e-02 -1.16824675e-01 -1.51882639e-01
  -1.83490810e-01 -2.18628625e-01 -2.50647905e-01 -2.83509342e-01
  -3.11406827e-01 -3.43800364e-01 -3.74101286e-01 -4.00219002e-01
  -4.28161954e-01 -4.53124176e-01 -4.78632225e-01 -5.03143761e-01
  -5.20345294e-01 -5.44347824e-01 -5.63051581e-01 -5.78282057e-01
  -5.98835174e-01 -6.06557788e-01 -6.20081174e-01 -6.33307714e-01
  -6.40814729e-01 -6.42474833e-01 -6.54326355e-01 -6.54028149e-01
  -6.59990291e-01 -6.57067439e-01 -6.57863146e-01 -6.56876178e-01
  -6.45757518e-01 -6.39748241e-01 -6.33406186e-01 -6.20816660e-01
  -6.04505882e-01 -5.96816773e-01 -5.76998394e-01 -5.60834501e-01
  -5.38960920e-01 -5.20021775e-01 -4.98639277e-01 -4.74955952e-01
  -4.50731212e-01 -4.25829401e-01 -3.96719669e-01 -3.68379803e-01
  -3.39100562e-01 -3.07715735e-01 -2.78332108e-01 -2.47368878e-01
  -2.14244557e-01 -1.81126210e-01 -1.45014447e-01 -1.12050434e-01
  -7.71255734e-02 -4.18480606e-02 -8.58358716e-03  2.53878110e-02
   6.10012334e-02]
 [-5.67600526e-02 -9.41476118e-02 -1.32402403e-01 -1.71021586e-01
  -2.05836646e-01 -2.45873947e-01 -2.78109048e-01 -3.16411224e-01
  -3.47832311e-01 -3.84516508e-01 -4.11430400e-01 -4.49110355e-01
  -4.77241735e-01 -5.02098169e-01 -5.34202762e-01 -5.58524744e-01
  -5.81290868e-01 -6.06605583e-01 -6.27417345e-01 -6.46033559e-01
  -6.66727025e-01 -6.78263856e-01 -6.93309516e-01 -7.03670579e-01
  -7.13500423e-01 -7.22726389e-01 -7.30030998e-01 -7.32404365e-01
  -7.34137264e-01 -7.29344601e-01 -7.26222237e-01 -7.27509382e-01
  -7.21309619e-01 -7.13022335e-01 -6.99920829e-01 -6.89954943e-01
  -6.71531814e-01 -6.56554962e-01 -6.34906132e-01 -6.20689736e-01
  -5.97528094e-01 -5.75334536e-01 -5.52106662e-01 -5.25000452e-01
  -4.96496652e-01 -4.70122064e-01 -4.36991932e-01 -4.09272627e-01
  -3.78536547e-01 -3.45029894e-01 -3.06980179e-01 -2.74630334e-01
  -2.38231844e-01 -1.98420980e-01 -1.63072009e-01 -1.23472235e-01
  -8.58952620e-02 -4.85996523e-02 -9.27854014e-03  2.93913745e-02
   6.84765368e-02]
 [-6.20152053e-02 -1.05107324e-01 -1.46410771e-01 -1.90004256e-01
  -2.29535774e-01 -2.67092865e-01 -3.07749842e-01 -3.47827129e-01
  -3.81343407e-01 -4.20667477e-01 -4.54137218e-01 -4.90574120e-01
  -5.22991656e-01 -5.54181607e-01 -5.82675764e-01 -6.10460543e-01
  -6.35456551e-01 -6.58606525e-01 -6.82394116e-01 -7.01704282e-01
  -7.27541987e-01 -7.43180733e-01 -7.51176316e-01 -7.67715447e-01
  -7.75734194e-01 -7.82809363e-01 -7.96186959e-01 -7.94387119e-01
  -7.96167892e-01 -8.00244501e-01 -7.96323927e-01 -7.88550388e-01
  -7.81948548e-01 -7.78573220e-01 -7.61554314e-01 -7.53976706e-01
  -7.34241659e-01 -7.19808026e-01 -6.98221151e-01 -6.77566877e-01
  -6.51625870e-01 -6.28196275e-01 -6.03796573e-01 -5.72893726e-01
  -5.44365991e-01 -5.12588664e-01 -4.78632305e-01 -4.47434260e-01
  -4.07160650e-01 -3.72329396e-01 -3.35476713e-01 -2.97825359e-01
  -2.55632634e-01 -2.16343999e-01 -1.78525834e-01 -1.34956920e-01
  -9.47714204e-02 -4.99720005e-02 -8.09503815e-03  3.17586721e-02
   7.46973799e-02]
 [-7.21716990e-02 -1.15129026e-01 -1.60323057e-01 -2.03656069e-01
  -2.48651994e-01 -2.90132858e-01 -3.30480885e-01 -3.75535608e-01
  -4.08981970e-01 -4.50664757e-01 -4.90340576e-01 -5.24334707e-01
  -5.61389710e-01 -5.96845395e-01 -6.22648114e-01 -6.54154257e-01
  -6.81397300e-01 -7.08733401e-01 -7.35738609e-01 -7.57725989e-01
  -7.75265685e-01 -7.95764690e-01 -8.07528125e-01 -8.26389658e-01
  -8.34171535e-01 -8.45127311e-01 -8.49170942e-01 -8.49666613e-01
  -8.56607205e-01 -8.58890904e-01 -8.51166906e-01 -8.49729112e-01
  -8.39941625e-01 -8.34060964e-01 -8.20265677e-01 -8.04900135e-01
  -7.87538359e-01 -7.68953693e-01 -7.49597546e-01 -7.22044760e-01
  -6.98432237e-01 -6.75983905e-01 -6.47328843e-01 -6.16961960e-01
  -5.83341211e-01 -5.47316254e-01 -5.11138441e-01 -4.76371167e-01
  -4.36440806e-01 -4.00742293e-01 -3.58159205e-01 -3.16036684e-01
  -2.75786885e-01 -2.32099180e-01 -1.88627450e-01 -1.44887823e-01
  -9.92252325e-02 -5.48896003e-02 -9.46422024e-03  3.50742671e-02
   8.21780311e-02]
 [-7.82478550e-02 -1.27288090e-01 -1.71952056e-01 -2.16718883e-01
  -2.65286830e-01 -3.11621433e-01 -3.54260221e-01 -3.96835784e-01
  -4.38031963e-01 -4.77970895e-01 -5.21206721e-01 -5.60229163e-01
  -5.94886464e-01 -6.29913985e-01 -6.59890956e-01 -6.91675740e-01
  -7.21429903e-01 -7.51470515e-01 -7.72522430e-01 -8.01371409e-01
  -8.22926744e-01 -8.43027227e-01 -8.59540249e-01 -8.71181387e-01
  -8.84233648e-01 -8.89169687e-01 -9.00435109e-01 -9.02460853e-01
  -9.06843703e-01 -9.07514396e-01 -9.02609834e-01 -8.96226783e-01
  -8.86416499e-01 -8.77672943e-01 -8.64344277e-01 -8.50774548e-01
  -8.29927901e-01 -8.14684697e-01 -7.89060071e-01 -7.65254847e-01
  -7.37731074e-01 -7.10491130e-01 -6.81075341e-01 -6.45416040e-01
  -6.11145259e-01 -5.78053416e-01 -5.38741041e-01 -5.02479990e-01
  -4.62374560e-01 -4.19298244e-01 -3.74504710e-01 -3.33289917e-01
  -2.89836430e-01 -2.42307682e-01 -1.97611373e-01 -1.51270290e-01
  -1.03552078e-01 -5.47989256e-02 -9.62919306e-03  3.87501501e-02
   8.62638828e-02]
 [-8.56061803e-02 -1.35662092e-01 -1.80536237e-01 -2.32144053e-01
  -2.78801600e-01 -3.26954419e-01 -3.72343270e-01 -4.17093977e-01
  -4.60954235e-01 -5.06147648e-01 -5.43886076e-01 -5.83532402e-01
  -6.18034254e-01 -6.54446079e-01 -6.95465698e-01 -7.27016676e-01
  -7.57811482e-01 -7.80008861e-01 -8.10044504e-01 -8.38116330e-01
  -8.55421730e-01 -8.78856241e-01 -8.92488170e-01 -9.08841197e-01
  -9.22855798e-01 -9.27951902e-01 -9.33242572e-01 -9.38609052e-01
  -9.42042450e-01 -9.43990623e-01 -9.39871076e-01 -9.30439529e-01
  -9.25438806e-01 -9.11169556e-01 -9.02129728e-01 -8.81271622e-01
  -8.63566115e-01 -8.41584216e-01 -8.16289757e-01 -7.98157298e-01
  -7.67459507e-01 -7.41237698e-01 -7.05994283e-01 -6.73298860e-01
  -6.34248935e-01 -6.00065419e-01 -5.62020997e-01 -5.22154698e-01
  -4.80519723e-01 -4.35976253e-01 -3.90357734e-01 -3.48199884e-01
  -3.00341972e-01 -2.51169649e-01 -2.05456957e-01 -1.56579295e-01
  -1.06252168e-01 -5.71217233e-02 -7.70773082e-03  4.15769931e-02
   9.13296904e-02]
 [-9.16192649e-02 -1.41003289e-01 -1.92352066e-01 -2.41753519e-01
  -2.87997672e-01 -3.37887321e-01 -3.85195780e-01 -4.31769723e-01
  -4.77425677e-01 -5.20579949e-01 -5.65404726e-01 -6.03472573e-01
  -6.43914969e-01 -6.81350789e-01 -7.15491633e-01 -7.49403686e-01
  -7.74944105e-01 -8.06722407e-01 -8.37123832e-01 -8.60394159e-01
  -8.82768896e-01 -9.07789632e-01 -9.20599638e-01 -9.37308158e-01
  -9.44106397e-01 -9.56111412e-01 -9.62038479e-01 -9.71930664e-01
  -9.71937686e-01 -9.72356275e-01 -9.62946456e-01 -9.63721220e-01
  -9.53727409e-01 -9.37258587e-01 -9.22053624e-01 -9.06665594e-01
  -8.92004293e-01 -8.63282638e-01 -8.46146241e-01 -8.14764183e-01
  -7.90597436e-01 -7.60205084e-01 -7.25967182e-01 -6.92544612e-01
  -6.57047751e-01 -6.18177983e-01 -5.74817262e-01 -5.35444862e-01
  -4.91660151e-01 -4.47492292e-01 -4.02224046e-01 -3.55527329e-01
  -3.06862872e-01 -2.57834618e-01 -2.08369905e-01 -1.59033012e-01
  -1.07941243e-01 -5.78109205e-02 -6.43440966e-03  4.45350919e-02
   9.52951465e-02]
 [-9.72753123e-02 -1.47706908e-01 -1.99689856e-01 -2.50013670e-01
  -2.98570189e-01 -3.49342278e-01 -3.96741214e-01 -4.42966425e-01
  -4.90118287e-01 -5.34071345e-01 -5.74535114e-01 -6.14521584e-01
  -6.56037724e-01 -6.98138860e-01 -7.25085848e-01 -7.63055419e-01
  -7.93937066e-01 -8.25348987e-01 -8.53555416e-01 -8.77621321e-01
  -9.03091030e-01 -9.19264044e-01 -9.38631164e-01 -9.53842304e-01
  -9.66020965e-01 -9.70600845e-01 -9.81459246e-01 -9.84150917e-01
  -9.87850446e-01 -9.86565566e-01 -9.82085791e-01 -9.81331658e-01
  -9.68033492e-01 -9.50600945e-01 -9.44834638e-01 -9.24891510e-01
  -9.03440370e-01 -8.83842966e-01 -8.56872673e-01 -8.32838968e-01
  -8.03670849e-01 -7.70374684e-01 -7.34209648e-01 -7.03958729e-01
  -6.65090416e-01 -6.26975737e-01 -5.86865410e-01 -5.44764687e-01
  -4.97655659e-01 -4.52710562e-01 -4.07098025e-01 -3.60071647e-01
  -3.07556406e-01 -2.60403499e-01 -2.10093512e-01 -1.59570647e-01
  -1.07163752e-01 -5.55471246e-02 -4.22926490e-03  4.77124814e-02
   9.91133570e-02]
 [-1.02158399e-01 -1.54090265e-01 -2.05438070e-01 -2.55577012e-01
  -3.07023757e-01 -3.55713456e-01 -4.03881776e-01 -4.49413864e-01
  -4.95879988e-01 -5.41451863e-01 -5.82383807e-01 -6.22542411e-01
  -6.62525933e-01 -7.05337552e-01 -7.38545367e-01 -7.69049630e-01
  -8.04999273e-01 -8.37128184e-01 -8.60290956e-01 -8.85980946e-01
  -9.03895294e-01 -9.28594537e-01 -9.46956763e-01 -9.59999157e-01
  -9.71456762e-01 -9.85759670e-01 -9.90719463e-01 -9.92064380e-01
  -9.91386346e-01 -9.95070046e-01 -9.87083134e-01 -9.83365279e-01
  -9.70041329e-01 -9.58904964e-01 -9.50016219e-01 -9.28392996e-01
  -9.09962195e-01 -8.86766466e-01 -8.61610114e-01 -8.34375810e-01
  -8.07166911e-01 -7.70617171e-01 -7.39051367e-01 -7.07840823e-01
  -6.67957639e-01 -6.25084025e-01 -5.85594499e-01 -5.44544242e-01
  -5.01417276e-01 -4.53318956e-01 -4.06511753e-01 -3.58179707e-01
  -3.08159584e-01 -2.60044658e-01 -2.08305891e-01 -1.57577114e-01
  -1.04708515e-01 -5.36772606e-02 -1.54643926e-03  5.02959554e-02
   1.02316380e-01]
 [-1.06197287e-01 -1.57774697e-01 -2.09017149e-01 -2.58372837e-01
  -3.09353465e-01 -3.58272345e-01 -4.05810892e-01 -4.50558752e-01
  -4.98180792e-01 -5.39306852e-01 -5.84443410e-01 -6.26820023e-01
  -6.63904466e-01 -6.98802698e-01 -7.39585563e-01 -7.70890037e-01
  -7.99229309e-01 -8.33252519e-01 -8.59511563e-01 -8.84922202e-01
  -9.05924895e-01 -9.26878687e-01 -9.34100401e-01 -9.56133981e-01
  -9.70713678e-01 -9.76380709e-01 -9.86945361e-01 -9.89538614e-01
  -9.93064548e-01 -9.88132995e-01 -9.79485510e-01 -9.79440249e-01
  -9.66542062e-01 -9.57642165e-01 -9.41723965e-01 -9.25592301e-01
  -9.07194564e-01 -8.82530257e-01 -8.56371475e-01 -8.27094151e-01
  -7.98350087e-01 -7.67460328e-01 -7.33428693e-01 -6.99851182e-01
  -6.60918374e-01 -6.18191685e-01 -5.81211459e-01 -5.36808201e-01
  -4.94367476e-01 -4.49775157e-01 -4.02384675e-01 -3.53819355e-01
  -3.05416671e-01 -2.55564946e-01 -2.05355115e-01 -1.53898858e-01
  -1.02392409e-01 -4.97955489e-02  2.35169011e-03  5.34141839e-02
   1.04614679e-01]
 [-1.10236845e-01 -1.60020497e-01 -2.10942728e-01 -2.60380481e-01
  -3.09235987e-01 -3.56660952e-01 -4.02701903e-01 -4.49299328e-01
  -4.93199183e-01 -5.37949147e-01 -5.76202322e-01 -6.17533056e-01
  -6.60052206e-01 -6.96998456e-01 -7.27628851e-01 -7.62101359e-01
  -7.94730748e-01 -8.20362284e-01 -8.47636276e-01 -8.72631430e-01
  -8.92953026e-01 -9.13857081e-01 -9.31029445e-01 -9.45105101e-01
  -9.54106916e-01 -9.64114657e-01 -9.69722073e-01 -9.77659203e-01
  -9.74419340e-01 -9.69118989e-01 -9.66199495e-01 -9.61055539e-01
  -9.48780038e-01 -9.41612266e-01 -9.26603690e-01 -9.12242966e-01
  -8.86186884e-01 -8.67828707e-01 -8.43477754e-01 -8.11877678e-01
  -7.81744479e-01 -7.56728548e-01 -7.21340883e-01 -6.84245879e-01
  -6.49008274e-01 -6.08574356e-01 -5.67939962e-01 -5.26019943e-01
  -4.84367338e-01 -4.37313001e-01 -3.91585435e-01 -3.44114104e-01
  -2.96720136e-01 -2.46962734e-01 -1.97894979e-01 -1.47869656e-01
  -9.73239645e-02 -4.61623103e-02  5.57536548e-03  5.55483696e-02
   1.06824832e-01]
 [-1.12569815e-01 -1.60759513e-01 -2.10210920e-01 -2.57980325e-01
  -3.05949549e-01 -3.53003932e-01 -3.98866594e-01 -4.41643881e-01
  -4.84070567e-01 -5.25858152e-01 -5.68778626e-01 -6.05529542e-01
  -6.45354566e-01 -6.77076075e-01 -7.15124660e-01 -7.44123249e-01
  -7.75242189e-01 -8.02778820e-01 -8.27953008e-01 -8.52479525e-01
  -8.70471071e-01 -8.89895385e-01 -9.02499735e-01 -9.21256414e-01
  -9.34304075e-01 -9.40252335e-01 -9.45898594e-01 -9.52062029e-01
  -9.38750239e-01 -9.44441368e-01 -9.45764504e-01 -9.38662383e-01
  -9.28453799e-01 -9.17584015e-01 -8.95599938e-01 -8.84530757e-01
  -8.62035843e-01 -8.42094970e-01 -8.19905186e-01 -7.92197285e-01
  -7.60746299e-01 -7.32505478e-01 -7.00249778e-01 -6.63959118e-01
  -6.23501376e-01 -5.89054810e-01 -5.50808856e-01 -5.10384986e-01
  -4.62215004e-01 -4.23628752e-01 -3.77112607e-01 -3.32619889e-01
  -2.85411830e-01 -2.35230928e-01 -1.87552303e-01 -1.40262959e-01
  -9.09897498e-02 -4.11313541e-02  8.29931405e-03  5.70545553e-02
   1.09108513e-01]
 [-1.14927162e-01 -1.62099199e-01 -2.08669979e-01 -2.53838762e-01
  -2.99913895e-01 -3.44600981e-01 -3.89216632e-01 -4.30320446e-01
  -4.72787491e-01 -5.11290607e-01 -5.51842588e-01 -5.88056269e-01
  -6.25718675e-01 -6.57426763e-01 -6.88371758e-01 -7.22277559e-01
  -7.47825756e-01 -7.77059701e-01 -7.99248328e-01 -8.21626351e-01
  -8.42598984e-01 -8.59522098e-01 -8.73168157e-01 -8.84688580e-01
  -8.94923463e-01 -9.04342506e-01 -9.08919145e-01 -9.13732220e-01
  -9.13266252e-01 -9.11976493e-01 -9.02720610e-01 -8.97633512e-01
  -8.91667462e-01 -8.75357960e-01 -8.62795659e-01 -8.43549806e-01
  -8.25961347e-01 -8.05863131e-01 -7.84107075e-01 -7.58576866e-01
  -7.26181046e-01 -7.02714665e-01 -6.67332830e-01 -6.36211550e-01
  -6.00729260e-01 -5.63824265e-01 -5.25454594e-01 -4.83973585e-01
  -4.45759888e-01 -4.03366023e-01 -3.59647668e-01 -3.14979817e-01
  -2.69012135e-01 -2.23294351e-01 -1.76824422e-01 -1.30044203e-01
  -8.26417564e-02 -3.43225816e-02  1.32957664e-02  6.07400077e-02
   1.07534059e-01]
 [-1.14868749e-01 -1.61101091e-01 -2.04395816e-01 -2.48607748e-01
  -2.91315119e-01 -3.33418313e-01 -3.75567518e-01 -4.15336999e-01
  -4.53582117e-01 -4.92191671e-01 -5.28851443e-01 -5.60936686e-01
  -5.99077235e-01 -6.29892775e-01 -6.59005604e-01 -6.90141709e-01
  -7.15283427e-01 -7.41888636e-01 -7.64319645e-01 -7.82237670e-01
  -8.00054528e-01 -8.13851974e-01 -8.28916174e-01 -8.46042674e-01
  -8.53291430e-01 -8.60612257e-01 -8.62605163e-01 -8.69599167e-01
  -8.67797419e-01 -8.61892013e-01 -8.59592830e-01 -8.53625877e-01
  -8.44665551e-01 -8.30331393e-01 -8.20416440e-01 -8.02084599e-01
  -7.83786043e-01 -7.62828776e-01 -7.40350632e-01 -7.18717149e-01
  -6.90650853e-01 -6.62287094e-01 -6.33277318e-01 -6.01339312e-01
  -5.66359780e-01 -5.29773375e-01 -4.95778297e-01 -4.55897865e-01
  -4.15891238e-01 -3.77504714e-01 -3.36112272e-01 -2.93162942e-01
  -2.49447222e-01 -2.06139178e-01 -1.62454927e-01 -1.17871664e-01
  -7.36251952e-02 -2.96326646e-02  1.67672570e-02  6.27609212e-02
   1.06686991e-01]
 [-1.16457961e-01 -1.57628761e-01 -1.97792768e-01 -2.40225260e-01
  -2.79676547e-01 -3.18456216e-01 -3.57847635e-01 -3.94067731e-01
  -4.31124388e-01 -4.65999711e-01 -4.99823143e-01 -5.34678063e-01
  -5.64909908e-01 -5.93628559e-01 -6.22265435e-01 -6.50161446e-01
  -6.75083078e-01 -6.91858216e-01 -7.14396576e-01 -7.36015363e-01
  -7.50249345e-01 -7.66813317e-01 -7.81959514e-01 -7.89933877e-01
  -8.02005794e-01 -8.06553948e-01 -8.09888474e-01 -8.13140357e-01
  -8.14158871e-01 -8.09583482e-01 -8.06704981e-01 -7.95566547e-01
  -7.90913500e-01 -7.75863747e-01 -7.64376148e-01 -7.47934511e-01
  -7.28746774e-01 -7.12178506e-01 -6.87328718e-01 -6.67692955e-01
  -6.38830946e-01 -6.16898981e-01 -5.87198389e-01 -5.55918683e-01
  -5.24197883e-01 -4.93474602e-01 -4.57940474e-01 -4.22712883e-01
  -3.84754516e-01 -3.46215251e-01 -3.09746901e-01 -2.68792284e-01
  -2.29243200e-01 -1.87909767e-01 -1.46725658e-01 -1.05839192e-01
  -6.24916162e-02 -2.03810136e-02  2.04328426e-02  6.30530964e-02
   1.05378989e-01]
 [-1.17101849e-01 -1.53211543e-01 -1.90850868e-01 -2.29699684e-01
  -2.63863835e-01 -3.02553132e-01 -3.36197237e-01 -3.71053895e-01
  -4.05219889e-01 -4.36021594e-01 -4.68527992e-01 -4.96543998e-01
  -5.26467543e-01 -5.54365909e-01 -5.79924063e-01 -6.00022597e-01
  -6.26255403e-01 -6.41424049e-01 -6.63238307e-01 -6.78835836e-01
  -6.93849195e-01 -7.11568672e-01 -7.21518777e-01 -7.30536954e-01
  -7.38476010e-01 -7.41092269e-01 -7.43135551e-01 -7.48610467e-01
  -7.43481976e-01 -7.43498529e-01 -7.41790878e-01 -7.32186227e-01
  -7.25416569e-01 -7.14514309e-01 -6.96094161e-01 -6.88303956e-01
  -6.70564658e-01 -6.49876453e-01 -6.30506607e-01 -6.08284866e-01
  -5.88391250e-01 -5.63124775e-01 -5.34260479e-01 -5.06818912e-01
  -4.79493662e-01 -4.49041399e-01 -4.16444516e-01 -3.82302630e-01
  -3.47712128e-01 -3.14547117e-01 -2.78074119e-01 -2.42405824e-01
  -2.04808600e-01 -1.65603497e-01 -1.28892859e-01 -8.82711830e-02
  -5.23634259e-02 -1.16945084e-02  2.71650015e-02  6.45739191e-02
   1.03854686e-01]
 [-1.14908893e-01 -1.48203638e-01 -1.82054392e-01 -2.13693466e-01
  -2.48822377e-01 -2.80455115e-01 -3.13436796e-01 -3.45110683e-01
  -3.73020438e-01 -4.02200494e-01 -4.29000852e-01 -4.57315378e-01
  -4.83692852e-01 -5.05345180e-01 -5.28890747e-01 -5.49116000e-01
  -5.70000421e-01 -5.89388803e-01 -6.05707022e-01 -6.19649845e-01
  -6.30203214e-01 -6.44610175e-01 -6.55702471e-01 -6.62946459e-01
  -6.68369618e-01 -6.74152970e-01 -6.75118960e-01 -6.75001926e-01
  -6.74077909e-01 -6.72194361e-01 -6.67235347e-01 -6.55976799e-01
  -6.52498325e-01 -6.42445591e-01 -6.31081051e-01 -6.09715614e-01
  -6.02956882e-01 -5.85017951e-01 -5.67726643e-01 -5.48454545e-01
  -5.24863974e-01 -5.02061609e-01 -4.77600835e-01 -4.53349535e-01
  -4.23997576e-01 -3.96381724e-01 -3.68052738e-01 -3.40704582e-01
  -3.06147696e-01 -2.77150872e-01 -2.43433842e-01 -2.13443152e-01
  -1.75784630e-01 -1.43867551e-01 -1.07674429e-01 -7.43877466e-02
  -3.85184961e-02 -2.88921067e-03  3.15920057e-02  6.80243538e-02
   1.00277388e-01]
 [-1.13478216e-01 -1.41230308e-01 -1.70187448e-01 -2.00298759e-01
  -2.30764401e-01 -2.58081369e-01 -2.85545963e-01 -3.12731245e-01
  -3.37589044e-01 -3.63289213e-01 -3.87613020e-01 -4.11393919e-01
  -4.33145282e-01 -4.52750648e-01 -4.72951026e-01 -4.91955507e-01
  -5.06207276e-01 -5.23633042e-01 -5.37134303e-01 -5.50824625e-01
  -5.62035597e-01 -5.73123608e-01 -5.77636559e-01 -5.86204877e-01
  -5.89190102e-01 -5.91627878e-01 -5.95354379e-01 -5.96195783e-01
  -5.96634969e-01 -5.90863675e-01 -5.86179727e-01 -5.81053267e-01
  -5.73185448e-01 -5.65652169e-01 -5.52810241e-01 -5.37695775e-01
  -5.26561324e-01 -5.10890391e-01 -4.95466417e-01 -4.78021030e-01
  -4.56759151e-01 -4.36139569e-01 -4.16554611e-01 -3.90366704e-01
  -3.68779855e-01 -3.40540649e-01 -3.17795112e-01 -2.90644340e-01
  -2.64940719e-01 -2.35958991e-01 -2.04555519e-01 -1.76080012e-01
  -1.47936419e-01 -1.16579891e-01 -8.58365683e-02 -5.56006644e-02
  -2.34881436e-02  6.57887597e-03  3.64609625e-02  6.63938843e-02
   9.69411556e-02]
 [-1.07863519e-01 -1.32902254e-01 -1.60084493e-01 -1.85331026e-01
  -2.08108348e-01 -2.34728200e-01 -2.56088560e-01 -2.79638121e-01
  -2.99081923e-01 -3.22543179e-01 -3.43132158e-01 -3.60149826e-01
  -3.79980198e-01 -3.98022828e-01 -4.13522839e-01 -4.28182941e-01
  -4.42402301e-01 -4.54270217e-01 -4.66225270e-01 -4.76998966e-01
  -4.85838584e-01 -4.93780491e-01 -4.99001832e-01 -5.04441526e-01
  -5.09005674e-01 -5.10170232e-01 -5.11694933e-01 -5.09944977e-01
  -5.07910874e-01 -5.03975968e-01 -5.00789244e-01 -4.93345120e-01
  -4.88401985e-01 -4.77349396e-01 -4.70268110e-01 -4.56811135e-01
  -4.46009770e-01 -4.31555193e-01 -4.17594059e-01 -3.98272468e-01
  -3.82768278e-01 -3.66543149e-01 -3.46637412e-01 -3.26988930e-01
  -3.05467886e-01 -2.82862466e-01 -2.62093985e-01 -2.41921600e-01
  -2.15047199e-01 -1.92273245e-01 -1.65534978e-01 -1.40657237e-01
  -1.14285908e-01 -8.86936396e-02 -6.39122528e-02 -3.96526358e-02
  -9.68841841e-03  1.54816061e-02  4.11633404e-02  6.77987149e-02
   9.67620721e-02]
 [-1.06304926e-01 -1.27308580e-01 -1.49391375e-01 -1.66229653e-01
  -1.86304021e-01 -2.07935237e-01 -2.25153655e-01 -2.42934257e-01
  -2.58778966e-01 -2.75443181e-01 -2.93822124e-01 -3.07963080e-01
  -3.22345259e-01 -3.36952022e-01 -3.48887990e-01 -3.59002553e-01
  -3.71035733e-01 -3.81049687e-01 -3.88335244e-01 -3.95066774e-01
  -4.01416533e-01 -4.09929554e-01 -4.13737058e-01 -4.16391040e-01
  -4.19418462e-01 -4.17997694e-01 -4.21876068e-01 -4.16139337e-01
  -4.15559710e-01 -4.12924401e-01 -4.06584929e-01 -4.04863603e-01
  -3.96197401e-01 -3.84750855e-01 -3.78200427e-01 -3.67794256e-01
  -3.56867711e-01 -3.45153350e-01 -3.32956729e-01 -3.19337098e-01
  -3.06141192e-01 -2.90466314e-01 -2.77100415e-01 -2.57258402e-01
  -2.41919986e-01 -2.20796245e-01 -2.04093582e-01 -1.83499346e-01
  -1.63325177e-01 -1.44056038e-01 -1.25959228e-01 -1.03254836e-01
  -8.32410904e-02 -6.04046892e-02 -3.90216866e-02 -1.56676554e-02
   5.05698118e-03  2.57354945e-02  4.82018655e-02  6.95912807e-02
   8.64138490e-02]
 [-9.99698389e-02 -1.15950932e-01 -1.32161360e-01 -1.47839964e-01
  -1.60389472e-01 -1.75089569e-01 -1.89706329e-01 -2.02267885e-01
  -2.14267846e-01 -2.27865904e-01 -2.40983412e-01 -2.52880878e-01
  -2.61693134e-01 -2.70863255e-01 -2.82353426e-01 -2.87988463e-01
  -2.96653666e-01 -3.01420060e-01 -3.06081764e-01 -3.16024633e-01
  -3.18259064e-01 -3.19732293e-01 -3.22611088e-01 -3.26035998e-01
  -3.25748158e-01 -3.24961238e-01 -3.24584533e-01 -3.23938371e-01
  -3.18244034e-01 -3.16959661e-01 -3.11980196e-01 -3.04517493e-01
  -3.01163175e-01 -2.91674804e-01 -2.86222962e-01 -2.76807663e-01
  -2.67906684e-01 -2.58941277e-01 -2.49193843e-01 -2.39537552e-01
  -2.24098692e-01 -2.11564174e-01 -1.99270691e-01 -1.86547889e-01
  -1.73036447e-01 -1.57359828e-01 -1.39624920e-01 -1.28773781e-01
  -1.14279409e-01 -9.38691094e-02 -7.87280574e-02 -6.60326083e-02
  -4.87503417e-02 -3.13279319e-02 -1.30098258e-02 -9.37297503e-04
   2.14409042e-02  3.84095112e-02  5.11327276e-02  6.91711738e-02
   8.15057919e-02]
 [-9.80894760e-02 -1.07578130e-01 -1.16886681e-01 -1.27957052e-01
  -1.38537911e-01 -1.45339817e-01 -1.56107188e-01 -1.65440618e-01
  -1.72282464e-01 -1.78985725e-01 -1.86587942e-01 -1.93961636e-01
  -1.99748705e-01 -2.04998948e-01 -2.09392917e-01 -2.13124517e-01
  -2.19039398e-01 -2.21325504e-01 -2.24082659e-01 -2.25423554e-01
  -2.28144088e-01 -2.28290776e-01 -2.30215472e-01 -2.29431398e-01
  -2.28942845e-01 -2.28037811e-01 -2.24843155e-01 -2.23760778e-01
  -2.19487726e-01 -2.14159258e-01 -2.12954195e-01 -2.05744479e-01
  -2.01120372e-01 -1.97980610e-01 -1.88688119e-01 -1.82502101e-01
  -1.76331443e-01 -1.65678610e-01 -1.58204429e-01 -1.47400286e-01
  -1.41800340e-01 -1.30801830e-01 -1.22252091e-01 -1.13852425e-01
  -1.02434049e-01 -8.87918494e-02 -7.83876315e-02 -6.55450774e-02
  -5.42395904e-02 -4.63371057e-02 -3.12643170e-02 -2.27134031e-02
  -1.10522532e-02 -2.36840140e-03  1.30989711e-02  2.38029833e-02
   3.80873031e-02  4.56426078e-02  5.63997723e-02  6.73896817e-02
   7.58024854e-02]
 [-8.99215579e-02 -9.41480016e-02 -1.00154921e-01 -1.04630451e-01
  -1.09937419e-01 -1.12964578e-01 -1.18499678e-01 -1.19884728e-01
  -1.23776880e-01 -1.30102513e-01 -1.30088630e-01 -1.32470456e-01
  -1.37685684e-01 -1.35828158e-01 -1.36451485e-01 -1.39030599e-01
  -1.37572460e-01 -1.39635976e-01 -1.39311939e-01 -1.37818174e-01
  -1.38592497e-01 -1.35043999e-01 -1.33178089e-01 -1.31466386e-01
  -1.31474619e-01 -1.27158011e-01 -1.23071430e-01 -1.20940849e-01
  -1.19991151e-01 -1.13428081e-01 -1.08945160e-01 -1.03221711e-01
  -9.84482256e-02 -9.50551379e-02 -8.94599550e-02 -8.30004224e-02
  -7.94426719e-02 -7.12549484e-02 -6.78304057e-02 -6.07368524e-02
  -5.65152130e-02 -4.64892019e-02 -4.35496948e-02 -3.51124206e-02
  -2.75875997e-02 -2.04878409e-02 -1.30906320e-02 -7.29397710e-03
  -1.31936568e-03  6.38916873e-03  1.20434478e-02  2.14845019e-02
   2.53022499e-02  3.08505571e-02  3.75576087e-02  4.45514935e-02
   5.15963859e-02  5.72160826e-02  5.92559121e-02  6.72495382e-02
   7.21743184e-02]
 [-8.58694102e-02 -8.45454575e-02 -8.33342976e-02 -8.20254302e-02
  -8.15735533e-02 -8.23378126e-02 -7.84053197e-02 -8.13949615e-02
  -7.64085306e-02 -7.39121271e-02 -7.28136105e-02 -7.00506058e-02
  -7.23026759e-02 -6.65901281e-02 -6.12163697e-02 -6.21088008e-02
  -6.02676112e-02 -5.40278062e-02 -5.10455553e-02 -4.97047916e-02
  -4.51307610e-02 -3.95564032e-02 -3.66344480e-02 -3.01113060e-02
  -2.73817712e-02 -2.51373506e-02 -1.95902493e-02 -2.03613852e-02
  -1.36724157e-02 -1.40606722e-02 -5.65703328e-03 -3.63205448e-03
  -9.78165707e-04  3.13102254e-03  8.00155882e-03  1.31830029e-02
   1.85079048e-02  1.93437127e-02  2.29571279e-02  2.77686121e-02
   3.12214885e-02  3.32421457e-02  3.90984346e-02  4.05316597e-02
   4.63775945e-02  4.83485179e-02  5.13736777e-02  5.34507537e-02
   5.26503892e-02  5.51045323e-02  5.95620019e-02  6.00015672e-02
   6.28836133e-02  6.02616612e-02  6.46709975e-02  6.54868689e-02
   6.63970158e-02  6.77416749e-02  6.62702407e-02  6.91373648e-02
   6.78773630e-02]
 [-7.65472094e-02 -7.14698961e-02 -6.57712963e-02 -6.27403437e-02
  -5.61978529e-02 -5.02322967e-02 -4.00677138e-02 -3.35438237e-02
  -2.86658343e-02 -2.52045171e-02 -1.66253150e-02 -1.09256366e-02
  -4.65021364e-03  4.36105370e-03  9.88196243e-03  1.81564592e-02
   2.50257423e-02  3.15585942e-02  3.68542729e-02  4.37624896e-02
   5.10492252e-02  5.47253254e-02  5.96192565e-02  6.58724164e-02
   7.16462770e-02  7.63061712e-02  7.93003240e-02  8.55618686e-02
   8.63312393e-02  9.72595403e-02  9.79411817e-02  1.01586404e-01
   1.01727483e-01  1.07010861e-01  1.12681861e-01  1.14901346e-01
   1.14610489e-01  1.17867474e-01  1.12752920e-01  1.13641152e-01
   1.16752615e-01  1.21269680e-01  1.17509704e-01  1.14949043e-01
   1.18976316e-01  1.17395753e-01  1.14246339e-01  1.12342720e-01
   1.09077640e-01  1.07851758e-01  1.04753119e-01  1.02719777e-01
   9.85485377e-02  9.36760274e-02  9.17731533e-02  8.27849792e-02
   7.64152352e-02  7.75753085e-02  7.20161326e-02  6.95835154e-02
   5.97194337e-02]
 [-7.24550418e-02 -6.23615032e-02 -4.83657595e-02 -3.79622826e-02
  -2.91954079e-02 -1.29089796e-02 -2.66724778e-03  7.58982408e-03
   1.84265588e-02  2.64014874e-02  4.15902530e-02  5.07772847e-02
   6.05887409e-02  7.31847181e-02  8.68743588e-02  9.51430997e-02
   1.06195624e-01  1.12339300e-01  1.25486765e-01  1.29676327e-01
   1.42926849e-01  1.48575647e-01  1.56951612e-01  1.63830988e-01
   1.68391366e-01  1.78037944e-01  1.80831599e-01  1.85514381e-01
   1.88776192e-01  1.97999506e-01  1.98295332e-01  2.02875023e-01
   2.03451591e-01  2.08518358e-01  2.04145958e-01  2.08790911e-01
   2.10028311e-01  2.10645764e-01  2.07964617e-01  2.05974846e-01
   1.99829446e-01  1.97039152e-01  1.98980573e-01  1.96485254e-01
   1.88363901e-01  1.85184150e-01  1.79845995e-01  1.71009556e-01
   1.65077111e-01  1.56168834e-01  1.49473414e-01  1.45110532e-01
   1.36581837e-01  1.24104651e-01  1.16828050e-01  1.06672154e-01
   9.32978245e-02  8.50897211e-02  7.78593009e-02  6.09237183e-02
   5.64510736e-02]
 [-6.35787558e-02 -5.17809421e-02 -3.09054135e-02 -1.53393375e-02
   1.87420011e-03  1.76650920e-02  3.20592470e-02  5.02935654e-02
   6.83790563e-02  8.14052379e-02  9.91853462e-02  1.14983547e-01
   1.29397976e-01  1.42147933e-01  1.55724150e-01  1.72483193e-01
   1.84685748e-01  1.93550008e-01  2.07681545e-01  2.22943938e-01
   2.28706772e-01  2.39971862e-01  2.54230762e-01  2.59636729e-01
   2.70733117e-01  2.72100736e-01  2.80835937e-01  2.88133909e-01
   2.94903300e-01  2.96108573e-01  2.99478671e-01  3.01992749e-01
   3.06962856e-01  3.04269642e-01  3.05642440e-01  3.06250269e-01
   3.01039725e-01  3.00259622e-01  2.94794808e-01  2.93697529e-01
   2.85704467e-01  2.79479048e-01  2.73303092e-01  2.67112110e-01
   2.61103045e-01  2.52696914e-01  2.38997336e-01  2.30640848e-01
   2.17915031e-01  2.10075547e-01  1.95735240e-01  1.80705373e-01
   1.68203558e-01  1.56538214e-01  1.40944156e-01  1.27288256e-01
   1.10194833e-01  9.22416691e-02  7.68297376e-02  6.56652110e-02
   4.96250374e-02]
 [-6.09308776e-02 -3.73649115e-02 -1.33384546e-02  7.77855692e-03
   2.75580539e-02  5.16899597e-02  7.09839002e-02  9.01488480e-02
   1.12541631e-01  1.33898406e-01  1.54354569e-01  1.73062448e-01
   1.89453115e-01  2.12485132e-01  2.29205602e-01  2.41674974e-01
   2.53819765e-01  2.75703994e-01  2.92063978e-01  3.07548448e-01
   3.21497625e-01  3.30706055e-01  3.42558739e-01  3.56046654e-01
   3.64193318e-01  3.69008678e-01  3.78261114e-01  3.86470834e-01
   3.92576425e-01  3.97326666e-01  3.94265486e-01  3.96974354e-01
   4.02657744e-01  4.01307219e-01  3.98667842e-01  3.96141091e-01
   3.92193776e-01  3.90004364e-01  3.82167830e-01  3.75070995e-01
   3.67934812e-01  3.58474221e-01  3.51086714e-01  3.38210355e-01
   3.25732723e-01  3.14756801e-01  2.99837361e-01  2.84276786e-01
   2.72475094e-01  2.56213400e-01  2.34398352e-01  2.21482264e-01
   2.02805838e-01  1.83422059e-01  1.63914554e-01  1.44520897e-01
   1.25034560e-01  1.05036182e-01  8.14243739e-02  6.11733957e-02
   4.24160944e-02]
 [-4.87447123e-02 -2.34937007e-02  1.81695996e-03  3.16734509e-02
   5.58306027e-02  7.89801239e-02  1.05505277e-01  1.29466487e-01
   1.57046521e-01  1.84003814e-01  2.04122723e-01  2.28980716e-01
   2.49795351e-01  2.74407726e-01  2.94648275e-01  3.13792191e-01
   3.37005624e-01  3.53909420e-01  3.66339416e-01  3.88944725e-01
   4.04945393e-01  4.16862010e-01  4.34821773e-01  4.46902630e-01
   4.55504741e-01  4.63295873e-01  4.72887994e-01  4.81180641e-01
   4.83450085e-01  4.92401664e-01  4.89580158e-01  4.95454298e-01
   4.94526910e-01  4.90132650e-01  4.87970186e-01  4.85499293e-01
   4.79478765e-01  4.74437999e-01  4.69100476e-01  4.57177218e-01
   4.48335516e-01  4.36498663e-01  4.19698044e-01  4.09914382e-01
   3.89403265e-01  3.75510284e-01  3.58834714e-01  3.38595681e-01
   3.21490750e-01  2.98640511e-01  2.78257890e-01  2.53543600e-01
   2.34257446e-01  2.08522929e-01  1.85600303e-01  1.59995780e-01
   1.36550474e-01  1.12177350e-01  8.45661962e-02  6.12866872e-02
   3.35272221e-02]
 [-4.14210650e-02 -1.13602574e-02  1.93583220e-02  5.08992116e-02
   8.13039781e-02  1.12198099e-01  1.41033089e-01  1.72033985e-01
   1.99201244e-01  2.24200117e-01  2.54867874e-01  2.81787076e-01
   3.08590922e-01  3.34503332e-01  3.58098544e-01  3.81191603e-01
   4.04807311e-01  4.25300623e-01  4.45178494e-01  4.66817282e-01
   4.85407015e-01  4.95741439e-01  5.15327464e-01  5.28763519e-01
   5.38606257e-01  5.53987662e-01  5.59227328e-01  5.70389138e-01
   5.70368037e-01  5.77455787e-01  5.81732091e-01  5.78566278e-01
   5.82172366e-01  5.79466469e-01  5.66179145e-01  5.63992763e-01
   5.62413421e-01  5.52139996e-01  5.38774602e-01  5.28516476e-01
   5.14330839e-01  5.06320629e-01  4.85809576e-01  4.69209257e-01
   4.48144669e-01  4.31342585e-01  4.08129319e-01  3.88583969e-01
   3.67028259e-01  3.41191567e-01  3.12866958e-01  2.88031776e-01
   2.59616012e-01  2.34667288e-01  2.02681116e-01  1.76928737e-01
   1.46168629e-01  1.18525177e-01  8.74837416e-02  5.92721567e-02
   2.92396022e-02]
 [-3.47949205e-02 -1.05162873e-03  3.69712457e-02  6.92727533e-02
   1.04586001e-01  1.38164993e-01  1.73897432e-01  2.06325517e-01
   2.35646290e-01  2.73120877e-01  3.03132412e-01  3.35512437e-01
   3.62778122e-01  3.89277685e-01  4.20988020e-01  4.42620157e-01
   4.67986353e-01  4.92654027e-01  5.13914646e-01  5.38892574e-01
   5.58190213e-01  5.64857875e-01  5.86916197e-01  6.05742269e-01
   6.16434358e-01  6.28060609e-01  6.35717214e-01  6.50564158e-01
   6.56530915e-01  6.59447128e-01  6.64592367e-01  6.60999088e-01
   6.61053040e-01  6.55286948e-01  6.53357690e-01  6.46201075e-01
   6.35283840e-01  6.23088610e-01  6.11747571e-01  6.02993853e-01
   5.82615684e-01  5.66648866e-01  5.50975971e-01  5.23710280e-01
   5.08831152e-01  4.83565784e-01  4.58478826e-01  4.36109228e-01
   4.07168948e-01  3.80523834e-01  3.46889678e-01  3.18756847e-01
   2.91982185e-01  2.59196031e-01  2.22788080e-01  1.94409721e-01
   1.60452401e-01  1.22796556e-01  9.31272472e-02  5.80223920e-02
   2.06799918e-02]
 [-2.58978131e-02  1.23968120e-02  4.97146659e-02  8.97617865e-02
   1.28833863e-01  1.65245269e-01  2.03594483e-01  2.39407032e-01
   2.74087495e-01  3.12367094e-01  3.43460962e-01  3.78459670e-01
   4.12059665e-01  4.43255662e-01  4.73545918e-01  5.04729500e-01
   5.29171581e-01  5.55047716e-01  5.80134918e-01  6.01875706e-01
   6.25651351e-01  6.40109986e-01  6.58839103e-01  6.79080381e-01
   6.91710510e-01  7.00954299e-01  7.13839228e-01  7.24160706e-01
   7.28280293e-01  7.30988439e-01  7.37409128e-01  7.37502303e-01
   7.28397613e-01  7.31732469e-01  7.22730963e-01  7.16074832e-01
   7.04790443e-01  6.88841034e-01  6.77774650e-01  6.55147746e-01
   6.46005941e-01  6.26597726e-01  6.04392167e-01  5.82989557e-01
   5.54867267e-01  5.34854294e-01  5.05111968e-01  4.77692650e-01
   4.46214797e-01  4.13205681e-01  3.83897399e-01  3.50358795e-01
   3.14638493e-01  2.79251015e-01  2.43499105e-01  2.00776769e-01
   1.69376640e-01  1.31165088e-01  9.34431127e-02  5.33355896e-02
   1.45466077e-02]
 [-2.00034161e-02  2.28329468e-02  6.34923460e-02  1.04827855e-01
   1.48698830e-01  1.89597186e-01  2.29517966e-01  2.68673086e-01
   3.09727249e-01  3.47206696e-01  3.82379663e-01  4.20619263e-01
   4.54242845e-01  4.88119403e-01  5.25636357e-01  5.54390786e-01
   5.86161882e-01  6.12457041e-01  6.37893735e-01  6.57212464e-01
   6.85253803e-01  7.02983984e-01  7.27746474e-01  7.40327934e-01
   7.56353993e-01  7.69355385e-01  7.78203278e-01  7.88572469e-01
   7.94129756e-01  8.00311800e-01  7.96096330e-01  7.99085375e-01
   7.97705483e-01  7.94331434e-01  7.88999107e-01  7.75594546e-01
   7.60283839e-01  7.55197242e-01  7.32611334e-01  7.18140392e-01
   7.02586092e-01  6.78714614e-01  6.57886353e-01  6.27641020e-01
   5.98608097e-01  5.76753368e-01  5.48237235e-01  5.12196431e-01
   4.79235435e-01  4.47915904e-01  4.10372825e-01  3.75443597e-01
   3.35931855e-01  2.99637653e-01  2.59398581e-01  2.15738384e-01
   1.76155994e-01  1.34450916e-01  9.37654045e-02  5.06940944e-02
   9.40771539e-03]
 [-1.28623606e-02  3.23638469e-02  7.74570078e-02  1.23043075e-01
   1.62408542e-01  2.11547792e-01  2.53641105e-01  2.97100521e-01
   3.39581874e-01  3.77409307e-01  4.18422383e-01  4.54218083e-01
   4.93235037e-01  5.25096917e-01  5.68472354e-01  6.00506709e-01
   6.25984149e-01  6.62947799e-01  6.85379018e-01  7.09967129e-01
   7.33224605e-01  7.61592093e-01  7.81099928e-01  7.97615278e-01
   8.13049174e-01  8.26402650e-01  8.32642688e-01  8.50378817e-01
   8.55018536e-01  8.52619758e-01  8.59636602e-01  8.52218008e-01
   8.55423415e-01  8.51678324e-01  8.39568645e-01  8.28413582e-01
   8.15498140e-01  8.04951097e-01  7.86071419e-01  7.69206763e-01
   7.47616911e-01  7.24594632e-01  6.96880816e-01  6.69727978e-01
   6.44897829e-01  6.10933326e-01  5.79026951e-01  5.44130540e-01
   5.09232302e-01  4.70488891e-01  4.31359801e-01  3.93832283e-01
   3.55270146e-01  3.12439446e-01  2.67605303e-01  2.26865681e-01
   1.83079844e-01  1.39397414e-01  9.41216183e-02  4.80062452e-02
   4.29166857e-03]
 [-6.18573921e-03  4.00818180e-02  8.93175096e-02  1.36345441e-01
   1.80619203e-01  2.29876401e-01  2.74965546e-01  3.18412908e-01
   3.60731987e-01  4.07255804e-01  4.48186479e-01  4.88557762e-01
   5.28654082e-01  5.66070624e-01  6.04052716e-01  6.37167258e-01
   6.65004662e-01  6.94038148e-01  7.26215960e-01  7.55895132e-01
   7.83926798e-01  8.02091842e-01  8.27444708e-01  8.43862244e-01
   8.60008494e-01  8.73317212e-01  8.83680250e-01  8.94342177e-01
   8.98209268e-01  9.05810091e-01  9.05194089e-01  9.02400831e-01
   9.04293764e-01  8.88947097e-01  8.87838451e-01  8.77308139e-01
   8.62439534e-01  8.40087957e-01  8.31297778e-01  8.06251236e-01
   7.87048924e-01  7.63295936e-01  7.33387982e-01  7.02213772e-01
   6.72296631e-01  6.38695745e-01  6.06250191e-01  5.71632247e-01
   5.31491639e-01  4.91311787e-01  4.51475041e-01  4.08562047e-01
   3.69590189e-01  3.23820323e-01  2.80026272e-01  2.36069986e-01
   1.89092866e-01  1.39057315e-01  9.48119252e-02  4.81890498e-02
  -1.77157949e-03]
 [ 2.07412007e-03  4.90641966e-02  9.84047693e-02  1.47990891e-01
   1.97266855e-01  2.43415301e-01  2.93189956e-01  3.40479323e-01
   3.84745613e-01  4.29363499e-01  4.72077615e-01  5.12061076e-01
   5.56881807e-01  5.92886659e-01  6.29915709e-01  6.68788635e-01
   7.01651289e-01  7.37277044e-01  7.59848326e-01  7.93454577e-01
   8.18246110e-01  8.41427227e-01  8.62374621e-01  8.78934496e-01
   8.98475177e-01  9.09897704e-01  9.21341732e-01  9.32741429e-01
   9.30784361e-01  9.43714528e-01  9.40260978e-01  9.43800288e-01
   9.39708444e-01  9.34979558e-01  9.22069292e-01  9.12060919e-01
   8.94803750e-01  8.75911315e-01  8.62128994e-01  8.39499013e-01
   8.16763717e-01  7.85420578e-01  7.59908053e-01  7.29806297e-01
   6.97911452e-01  6.64374371e-01  6.29421877e-01  5.89582859e-01
   5.51442129e-01  5.08646762e-01  4.66992776e-01  4.25313237e-01
   3.81268588e-01  3.34100359e-01  2.86200360e-01  2.39409902e-01
   1.91222943e-01  1.43399771e-01  9.31546662e-02  4.40937654e-02
  -5.24656435e-03]
 [ 5.92413081e-03  5.52340609e-02  1.07321506e-01  1.57438671e-01
   2.07155750e-01  2.57156150e-01  3.05379810e-01  3.53861348e-01
   4.00580927e-01  4.46211098e-01  4.93123287e-01  5.35214469e-01
   5.76367121e-01  6.15286468e-01  6.54420689e-01  6.90714630e-01
   7.26205516e-01  7.54139787e-01  7.90339616e-01  8.19301546e-01
   8.42872017e-01  8.68644825e-01  8.89138641e-01  9.10997884e-01
   9.26922056e-01  9.42896910e-01  9.53715797e-01  9.60956393e-01
   9.66396409e-01  9.73928390e-01  9.72693210e-01  9.66087713e-01
   9.68059136e-01  9.55806057e-01  9.49652094e-01  9.34688221e-01
   9.21675105e-01  9.00182319e-01  8.87263051e-01  8.63106034e-01
   8.36018601e-01  8.14227354e-01  7.78698992e-01  7.49828340e-01
   7.15593273e-01  6.79359278e-01  6.45990250e-01  6.04404135e-01
   5.67295535e-01  5.20851509e-01  4.75485103e-01  4.32084485e-01
   3.89135636e-01  3.39247135e-01  2.91474961e-01  2.43749575e-01
   1.94215935e-01  1.43240216e-01  9.17730846e-02  4.17750481e-02
  -9.67427297e-03]
 [ 1.14310686e-02  6.30811556e-02  1.14534827e-01  1.66221526e-01
   2.16643171e-01  2.67613496e-01  3.17570744e-01  3.65540193e-01
   4.12470611e-01  4.58089761e-01  5.04860085e-01  5.46231421e-01
   5.91326100e-01  6.30283026e-01  6.67203768e-01  7.06803659e-01
   7.39683337e-01  7.77728252e-01  8.06867132e-01  8.34159894e-01
   8.58765282e-01  8.88566277e-01  9.08079828e-01  9.28299113e-01
   9.45292971e-01  9.62392130e-01  9.63710383e-01  9.75541744e-01
   9.85845058e-01  9.90127799e-01  9.89981637e-01  9.84489683e-01
   9.84652019e-01  9.73717096e-01  9.61638001e-01  9.51129055e-01
   9.39617324e-01  9.17678612e-01  8.97394536e-01  8.74467250e-01
   8.45698584e-01  8.18040911e-01  7.90954984e-01  7.61469615e-01
   7.26185962e-01  6.89837212e-01  6.50856197e-01  6.08994143e-01
   5.63961497e-01  5.29589825e-01  4.83563646e-01  4.36631169e-01
   3.88987571e-01  3.42220466e-01  2.92959097e-01  2.42935839e-01
   1.93060703e-01  1.42041048e-01  8.85518917e-02  3.78746390e-02
  -1.34802639e-02]
 [ 1.60482646e-02  6.76097478e-02  1.20034966e-01  1.71326752e-01
   2.23211338e-01  2.73924944e-01  3.22380738e-01  3.70674166e-01
   4.19957010e-01  4.63835642e-01  5.12100642e-01  5.56073428e-01
   5.99094135e-01  6.37442116e-01  6.77114275e-01  7.13236220e-01
   7.51227051e-01  7.84483217e-01  8.16330562e-01  8.39909955e-01
   8.70384714e-01  8.92305304e-01  9.13195236e-01  9.30120017e-01
   9.49665339e-01  9.63090269e-01  9.76876461e-01  9.83682744e-01
   9.91566433e-01  9.94751962e-01  9.94022695e-01  9.87562863e-01
   9.89976372e-01  9.82443447e-01  9.69199090e-01  9.55845822e-01
   9.42494295e-01  9.21362000e-01  9.04509448e-01  8.81952834e-01
   8.53907030e-01  8.27130513e-01  7.94210051e-01  7.66496800e-01
   7.29923154e-01  6.91771436e-01  6.54789038e-01  6.14173512e-01
   5.72399023e-01  5.28670061e-01  4.82192141e-01  4.38249065e-01
   3.89770920e-01  3.42073610e-01  2.91693083e-01  2.42246029e-01
   1.92171840e-01  1.40534253e-01  8.86980937e-02  3.60574678e-02
  -1.59489105e-02]
 [ 2.11500855e-02  7.20317856e-02  1.23384228e-01  1.75931535e-01
   2.24989874e-01  2.76250023e-01  3.23236205e-01  3.73170684e-01
   4.21704878e-01  4.67533982e-01  5.11778029e-01  5.58248560e-01
   5.95996238e-01  6.39463128e-01  6.74975900e-01  7.15929788e-01
   7.47883002e-01  7.82265013e-01  8.12028537e-01  8.41976156e-01
   8.59295424e-01  8.90686801e-01  9.08322948e-01  9.28847291e-01
   9.51048072e-01  9.60245539e-01  9.71053299e-01  9.80179301e-01
   9.83617663e-01  9.85285503e-01  9.86989196e-01  9.90435774e-01
   9.83099182e-01  9.74689376e-01  9.66022077e-01  9.52881028e-01
   9.38231162e-01  9.17053997e-01  8.96311917e-01  8.70118736e-01
   8.45781404e-01  8.20988628e-01  7.91416322e-01  7.54283907e-01
   7.21246216e-01  6.87205955e-01  6.42957168e-01  6.07261076e-01
   5.66536289e-01  5.21280438e-01  4.79135496e-01  4.32374419e-01
   3.85566481e-01  3.36921888e-01  2.88031134e-01  2.36924567e-01
   1.88265639e-01  1.37153773e-01  8.59693703e-02  3.40763175e-02
  -1.72119049e-02]
 [ 2.38834812e-02  7.40685142e-02  1.24502119e-01  1.74320068e-01
   2.25520581e-01  2.75266772e-01  3.22323046e-01  3.71693583e-01
   4.19573997e-01  4.63789995e-01  5.08585290e-01  5.50496823e-01
   5.91941365e-01  6.32074432e-01  6.70392413e-01  7.04964357e-01
   7.39820414e-01  7.73459459e-01  8.03008344e-01  8.31934310e-01
   8.57881681e-01  8.77908038e-01  9.00259228e-01  9.19474671e-01
   9.34632554e-01  9.47200786e-01  9.54690380e-01  9.67616053e-01
   9.69710470e-01  9.76563627e-01  9.74256223e-01  9.70694074e-01
   9.68737108e-01  9.56611255e-01  9.46227240e-01  9.36627428e-01
   9.21480808e-01  9.02880979e-01  8.81596156e-01  8.59420863e-01
   8.34965977e-01  8.02770473e-01  7.77193785e-01  7.42438611e-01
   7.12608685e-01  6.67740754e-01  6.35150143e-01  5.98011968e-01
   5.55230232e-01  5.14700535e-01  4.70258237e-01  4.24817714e-01
   3.78443430e-01  3.30990345e-01  2.79875960e-01  2.32720915e-01
   1.81352307e-01  1.32705553e-01  8.20911507e-02  3.11802075e-02
  -1.97880754e-02]
 [ 2.66863997e-02  7.60364992e-02  1.24929713e-01  1.74317885e-01
   2.23306502e-01  2.68839988e-01  3.16423029e-01  3.65174230e-01
   4.10005128e-01  4.53101477e-01  4.98267672e-01  5.37810918e-01
   5.78228501e-01  6.14856967e-01  6.49612189e-01  6.87243109e-01
   7.21163929e-01  7.52670086e-01  7.79122064e-01  8.08414093e-01
   8.31832708e-01  8.57966166e-01  8.77291328e-01  8.91315869e-01
   9.11164907e-01  9.22687464e-01  9.33137070e-01  9.43451204e-01
   9.47335030e-01  9.48130124e-01  9.45048580e-01  9.48820446e-01
   9.42436773e-01  9.31276150e-01  9.23750302e-01  9.12264091e-01
   8.93470780e-01  8.76856840e-01  8.52854365e-01  8.29021242e-01
   8.12334863e-01  7.85813591e-01  7.53465097e-01  7.20141146e-01
   6.90745848e-01  6.53979139e-01  6.18863763e-01  5.80977590e-01
   5.39020877e-01  4.98376038e-01  4.55268773e-01  4.09080001e-01
   3.66481019e-01  3.20704140e-01  2.73064722e-01  2.24632153e-01
   1.75238491e-01  1.28094488e-01  7.81746711e-02  2.73296087e-02
  -2.11187899e-02]
 [ 2.97286857e-02  7.73759662e-02  1.23361602e-01  1.70915708e-01
   2.18954780e-01  2.63569958e-01  3.08305749e-01  3.51875975e-01
   3.96609785e-01  4.34123615e-01  4.80459009e-01  5.19609473e-01
   5.56505450e-01  5.96709383e-01  6.30039970e-01  6.63644066e-01
   6.94388587e-01  7.26228966e-01  7.50666309e-01  7.81594197e-01
   8.01784738e-01  8.25901450e-01  8.43064271e-01  8.61178365e-01
   8.76432045e-01  8.87853106e-01  9.00313568e-01  9.08200173e-01
   9.11923632e-01  9.00424576e-01  9.11654856e-01  9.09385557e-01
   9.06340516e-01  8.97172319e-01  8.83677929e-01  8.73399664e-01
   8.59534446e-01  8.44841207e-01  8.23033732e-01  8.01704407e-01
   7.78631529e-01  7.48261516e-01  7.23189881e-01  6.94888639e-01
   6.61396620e-01  6.30109027e-01  5.93493986e-01  5.56238081e-01
   5.16707102e-01  4.76886211e-01  4.32986359e-01  3.93132230e-01
   3.50602275e-01  3.05520500e-01  2.60092985e-01  2.13881394e-01
   1.68729921e-01  1.20608032e-01  7.74172142e-02  2.67618966e-02
  -2.24746960e-02]
 [ 2.99252120e-02  7.46358574e-02  1.20957897e-01  1.64672261e-01
   2.09444682e-01  2.51554981e-01  2.95942884e-01  3.37558182e-01
   3.78298549e-01  4.18996627e-01  4.58000331e-01  4.93666852e-01
   5.32481569e-01  5.65215840e-01  5.98988297e-01  6.33901139e-01
   6.63537261e-01  6.92196144e-01  7.16491253e-01  7.40303146e-01
   7.66062009e-01  7.86641657e-01  7.99800883e-01  8.12780208e-01
   8.32658160e-01  8.44433635e-01  8.52099800e-01  8.57928338e-01
   8.62415696e-01  8.65293499e-01  8.65481195e-01  8.64912255e-01
   8.57783987e-01  8.50792625e-01  8.42763683e-01  8.29550368e-01
   8.17462209e-01  7.96166789e-01  7.81421185e-01  7.59370186e-01
   7.36425193e-01  7.13385029e-01  6.85281877e-01  6.58160166e-01
   6.29465808e-01  5.94225782e-01  5.62561114e-01  5.27076342e-01
   4.91592676e-01  4.48567198e-01  4.12161976e-01  3.72360565e-01
   3.31463950e-01  2.87979658e-01  2.44662030e-01  2.02590938e-01
   1.57116070e-01  1.14001362e-01  6.96617145e-02  2.39224246e-02
  -2.15982287e-02]
 [ 3.17910204e-02  7.30714874e-02  1.15945154e-01  1.57000488e-01
   1.98647465e-01  2.37975697e-01  2.78578347e-01  3.17921286e-01
   3.57881771e-01  3.91810729e-01  4.30804732e-01  4.65867573e-01
   4.98058329e-01  5.32529892e-01  5.59953666e-01  5.94061133e-01
   6.22552725e-01  6.47767787e-01  6.68935157e-01  6.95076123e-01
   7.16950896e-01  7.34220458e-01  7.52294815e-01  7.65902135e-01
   7.81352946e-01  7.91835148e-01  7.98885704e-01  8.07264706e-01
   8.11211011e-01  8.09692037e-01  8.12122725e-01  8.06681415e-01
   8.03647050e-01  7.95167052e-01  7.88103592e-01  7.76225515e-01
   7.63999294e-01  7.49767382e-01  7.26308806e-01  7.08218628e-01
   6.90347047e-01  6.68409338e-01  6.42045371e-01  6.15294438e-01
   5.88020851e-01  5.55910920e-01  5.26679299e-01  4.93390803e-01
   4.56319733e-01  4.22205823e-01  3.86437326e-01  3.46822060e-01
   3.11207149e-01  2.72163811e-01  2.30064668e-01  1.88569714e-01
   1.47518287e-01  1.05741622e-01  6.25444399e-02  2.22279920e-02
  -2.06189408e-02]
 [ 3.29803931e-02  6.93013998e-02  1.08889651e-01  1.46423943e-01
   1.84347081e-01  2.21490113e-01  2.59283298e-01  2.92537790e-01
   3.29489473e-01  3.63230039e-01  3.97491127e-01  4.31507304e-01
   4.60976540e-01  4.92017609e-01  5.20150762e-01  5.43545242e-01
   5.69751902e-01  5.98351102e-01  6.18169669e-01  6.39347110e-01
   6.60046948e-01  6.74473422e-01  6.94140715e-01  7.04977490e-01
   7.16404387e-01  7.26989704e-01  7.32616288e-01  7.42885679e-01
   7.42070632e-01  7.43553671e-01  7.47767450e-01  7.45917040e-01
   7.38453763e-01  7.31990098e-01  7.23433204e-01  7.14549666e-01
   6.99608382e-01  6.88343741e-01  6.72700931e-01  6.48313801e-01
   6.34647350e-01  6.09480864e-01  5.87634653e-01  5.66675962e-01
   5.39399712e-01  5.12674471e-01  4.82419268e-01  4.50421913e-01
   4.20242727e-01  3.87508071e-01  3.54643757e-01  3.18754857e-01
   2.83989316e-01  2.46447756e-01  2.10364695e-01  1.72379200e-01
   1.33800717e-01  9.93281563e-02  5.95010539e-02  1.90781543e-02
  -2.04394487e-02]
 [ 3.08525276e-02  6.77945957e-02  1.01856677e-01  1.35572460e-01
   1.68055195e-01  2.02039537e-01  2.34088777e-01  2.67516586e-01
   2.99033250e-01  3.30129878e-01  3.60402739e-01  3.90038257e-01
   4.18148693e-01  4.42567715e-01  4.70666528e-01  4.96775218e-01
   5.17643520e-01  5.39371514e-01  5.58592274e-01  5.76112445e-01
   5.97423896e-01  6.12369897e-01  6.25965015e-01  6.34465116e-01
   6.47130286e-01  6.55881366e-01  6.62708739e-01  6.68754615e-01
   6.70918555e-01  6.75262182e-01  6.75154237e-01  6.67708288e-01
   6.66127047e-01  6.61601998e-01  6.52731052e-01  6.42522527e-01
   6.33505564e-01  6.18001484e-01  6.06256755e-01  5.90399568e-01
   5.72037593e-01  5.51956209e-01  5.33476828e-01  5.09523411e-01
   4.86820591e-01  4.59570442e-01  4.35069825e-01  4.09318737e-01
   3.79230907e-01  3.52026203e-01  3.19225987e-01  2.87968635e-01
   2.56234559e-01  2.23952055e-01  1.91765817e-01  1.57413545e-01
   1.23790798e-01  8.89977034e-02  5.40156893e-02  1.76446095e-02
  -1.69702644e-02]
 [ 2.89719021e-02  6.07016441e-02  8.97785861e-02  1.20383609e-01
   1.49509504e-01  1.81265688e-01  2.08175502e-01  2.37428782e-01
   2.68728179e-01  2.91648539e-01  3.19562928e-01  3.45818793e-01
   3.70064364e-01  3.91451549e-01  4.15645852e-01  4.37255019e-01
   4.57105995e-01  4.76837477e-01  4.93837504e-01  5.10749927e-01
   5.26836014e-01  5.37130460e-01  5.50638899e-01  5.59776751e-01
   5.70369476e-01  5.81323392e-01  5.84945343e-01  5.90956191e-01
   5.93632737e-01  5.95120670e-01  5.90648641e-01  5.91948109e-01
   5.86662770e-01  5.83263607e-01  5.77095381e-01  5.69020666e-01
   5.56924836e-01  5.43877729e-01  5.35817190e-01  5.18164091e-01
   5.02281182e-01  4.84225584e-01  4.67573165e-01  4.48191772e-01
   4.26286510e-01  4.05543060e-01  3.83952829e-01  3.59888203e-01
   3.33116207e-01  3.09955192e-01  2.79270889e-01  2.53769678e-01
   2.25655130e-01  1.96809013e-01  1.67632697e-01  1.37770762e-01
   1.08627526e-01  8.01720895e-02  4.67480935e-02  1.60468072e-02
  -1.46517447e-02]
 [ 2.61040404e-02  5.24344153e-02  7.89597388e-02  1.07036842e-01
   1.30845656e-01  1.56717835e-01  1.81019126e-01  2.02799122e-01
   2.29157402e-01  2.51165115e-01  2.73451565e-01  2.97115521e-01
   3.18249415e-01  3.36695715e-01  3.56995877e-01  3.75913201e-01
   3.91304579e-01  4.08952297e-01  4.23562932e-01  4.37511824e-01
   4.49957609e-01  4.61038534e-01  4.70284733e-01  4.82135408e-01
   4.87999009e-01  4.92488269e-01  4.98174565e-01  5.04592731e-01
   5.02566638e-01  5.09384175e-01  5.04729428e-01  5.04544398e-01
   5.00830159e-01  5.00155044e-01  4.90418837e-01  4.84088481e-01
   4.77058859e-01  4.67338129e-01  4.56897092e-01  4.43309804e-01
   4.29460447e-01  4.15821042e-01  4.00162124e-01  3.83335272e-01
   3.63288209e-01  3.47672994e-01  3.28479940e-01  3.07417433e-01
   2.86138962e-01  2.64536135e-01  2.39882066e-01  2.15478934e-01
   1.95160267e-01  1.67107259e-01  1.45983480e-01  1.18969977e-01
   9.26085744e-02  6.65067742e-02  4.30167009e-02  1.54145054e-02
  -1.35126779e-02]
 [ 2.49174120e-02  4.52874144e-02  6.80383735e-02  8.81681645e-02
   1.08178524e-01  1.30879448e-01  1.50668472e-01  1.66261950e-01
   1.89460955e-01  2.06705902e-01  2.27109274e-01  2.43950456e-01
   2.61772020e-01  2.78756301e-01  2.91460936e-01  3.06912370e-01
   3.22112793e-01  3.34143468e-01  3.46662435e-01  3.59507866e-01
   3.68162175e-01  3.79103799e-01  3.85130536e-01  3.96459125e-01
   3.99828942e-01  4.03703184e-01  4.09021833e-01  4.11100237e-01
   4.14010179e-01  4.15912960e-01  4.14237438e-01  4.14227615e-01
   4.09491797e-01  4.06069720e-01  4.03116937e-01  3.96967832e-01
   3.91120254e-01  3.79049055e-01  3.71135178e-01  3.62851052e-01
   3.51439774e-01  3.39938154e-01  3.28566600e-01  3.12969579e-01
   2.98760830e-01  2.85296032e-01  2.67661565e-01  2.48567290e-01
   2.33157091e-01  2.16227461e-01  1.98063942e-01  1.77859655e-01
   1.58076650e-01  1.41905647e-01  1.19900394e-01  9.89080012e-02
   7.77905150e-02  5.48407158e-02  3.24737187e-02  1.21228561e-02
  -9.19046591e-03]
 [ 2.26016068e-02  3.77676179e-02  5.40892850e-02  6.89940804e-02
   8.48611601e-02  1.01540167e-01  1.18526171e-01  1.31450832e-01
   1.45592415e-01  1.61854530e-01  1.73672912e-01  1.86671674e-01
   2.02605923e-01  2.12998444e-01  2.25548711e-01  2.36677506e-01
   2.49921487e-01  2.56387223e-01  2.66118303e-01  2.75297654e-01
   2.85106440e-01  2.90898463e-01  2.96736103e-01  3.02973421e-01
   3.08904660e-01  3.10974507e-01  3.10246091e-01  3.14211107e-01
   3.19886678e-01  3.15991342e-01  3.17552759e-01  3.17269993e-01
   3.15115165e-01  3.12832274e-01  3.09946561e-01  3.05711013e-01
   3.00017777e-01  2.92851613e-01  2.85541162e-01  2.77672910e-01
   2.70864208e-01  2.62329346e-01  2.48482731e-01  2.39558154e-01
   2.29269825e-01  2.18683784e-01  2.06024610e-01  1.91573877e-01
   1.78304923e-01  1.66247556e-01  1.52912987e-01  1.37598610e-01
   1.22183114e-01  1.07132242e-01  9.16657662e-02  7.89520971e-02
   6.16661711e-02  4.50694314e-02  2.88807264e-02  1.08776885e-02
  -5.02097634e-03]
 [ 1.89060399e-02  2.91290448e-02  3.92041816e-02  5.13698209e-02
   5.94514004e-02  6.98255693e-02  8.31749930e-02  9.14808680e-02
   1.02338836e-01  1.12083402e-01  1.20882439e-01  1.29159371e-01
   1.39178171e-01  1.47111696e-01  1.59292554e-01  1.61233752e-01
   1.68820287e-01  1.76398028e-01  1.83467460e-01  1.88498700e-01
   1.94540708e-01  1.99638537e-01  2.05865118e-01  2.07844737e-01
   2.10330885e-01  2.12112560e-01  2.15175806e-01  2.18097098e-01
   2.18132838e-01  2.17828845e-01  2.16514807e-01  2.16907684e-01
   2.16367193e-01  2.14233019e-01  2.11583041e-01  2.07931574e-01
   2.06167329e-01  2.02059684e-01  1.95049974e-01  1.91098652e-01
   1.86269754e-01  1.79793017e-01  1.73863361e-01  1.65227269e-01
   1.60682282e-01  1.52023584e-01  1.41515330e-01  1.32857511e-01
   1.24689173e-01  1.17121842e-01  1.04530119e-01  9.57288202e-02
   8.58195628e-02  7.53410182e-02  6.42882935e-02  5.52451119e-02
   4.42308332e-02  3.24447312e-02  2.07903604e-02  1.26985423e-02
  -2.27135521e-04]
 [ 1.66770135e-02  2.13814031e-02  2.39827972e-02  2.88080097e-02
   3.48765265e-02  3.93508002e-02  4.74888335e-02  5.07902004e-02
   5.69478923e-02  6.16862520e-02  6.65711727e-02  7.11771379e-02
   7.56679484e-02  7.96909915e-02  8.25531326e-02  8.76605110e-02
   9.27929660e-02  9.38593023e-02  9.89972961e-02  1.02049096e-01
   1.01908788e-01  1.09977116e-01  1.10946608e-01  1.08232357e-01
   1.12432016e-01  1.14201797e-01  1.14418425e-01  1.13239460e-01
   1.17750781e-01  1.14731439e-01  1.16943257e-01  1.13174867e-01
   1.11982500e-01  1.13494940e-01  1.15674816e-01  1.12166904e-01
   1.09059984e-01  1.09135610e-01  1.03517989e-01  1.02010847e-01
   1.01729097e-01  9.49369226e-02  9.33015949e-02  8.95609448e-02
   8.49940689e-02  8.53218550e-02  7.83992859e-02  7.25874789e-02
   6.87106488e-02  6.36601469e-02  5.83027363e-02  5.31397875e-02
   4.80482347e-02  4.45928093e-02  3.63994383e-02  3.20085970e-02
   2.45456723e-02  2.09982450e-02  1.54520848e-02  9.85427593e-03
   9.35603187e-03]
 [ 1.21073517e-02  1.13655154e-02  1.25816672e-02  9.67097157e-03
   9.65604662e-03  9.95500142e-03  1.05330719e-02  1.33068661e-02
   9.63791258e-03  9.46752413e-03  1.14555314e-02  1.07595402e-02
   1.27715432e-02  1.20129255e-02  1.10109283e-02  9.59464422e-03
   1.27532137e-02  9.31501489e-03  1.33504672e-02  9.46917522e-03
   1.10748298e-02  1.05844750e-02  1.36008722e-02  1.26548720e-02
   1.26833649e-02  9.76721149e-03  1.17758779e-02  1.17925589e-02
   1.47134332e-02  1.15858339e-02  1.27669042e-02  1.04617007e-02
   9.26580556e-03  1.10929860e-02  1.27112445e-02  1.25315827e-02
   1.19460774e-02  1.23147953e-02  1.42730747e-02  9.25572390e-03
   1.03899395e-02  1.13150856e-02  9.24743788e-03  1.05628813e-02
   1.59627799e-02  1.15972184e-02  1.17917859e-02  1.22374638e-02
   1.24735516e-02  1.04655558e-02  8.38481204e-03  9.25081948e-03
   1.10688514e-02  1.20111291e-02  9.15374097e-03  9.71444418e-03
   1.12257394e-02  1.04202220e-02  1.23942605e-02  9.10904551e-03
   1.09748620e-02]]
minima = -0.9950700460805539
coord = [15, 29]
For betaplot:
beta_vec = [0.         0.05235988 0.10471976 0.15707963 0.20943951 0.26179939
 0.31415927 0.36651914 0.41887902 0.4712389  0.52359878 0.57595865
 0.62831853 0.68067841 0.73303829 0.78539816 0.83775804 0.89011792
 0.9424778  0.99483767 1.04719755 1.09955743 1.15191731 1.20427718
 1.25663706 1.30899694 1.36135682 1.41371669 1.46607657 1.51843645
 1.57079633 1.6231562  1.67551608 1.72787596 1.78023584 1.83259571
 1.88495559 1.93731547 1.98967535 2.04203522 2.0943951  2.14675498
 2.19911486 2.25147474 2.30383461 2.35619449 2.40855437 2.46091425
 2.51327412 2.565634   2.61799388 2.67035376 2.72271363 2.77507351
 2.82743339 2.87979327 2.93215314 2.98451302 3.0368729  3.08923278
 3.14159265]
cost_vec = [0.008788505994411723, -0.10126474507523621, -0.2092410037105206, -0.30586354699395135, -0.3997750126614635, -0.48846499877397986, -0.5786166073504978, -0.6570674387245724, -0.7293446005574287, -0.8002445005223677, -0.8588909036954804, -0.9075143957460522, -0.9439906225014593, -0.972356274551642, -0.9865655655422001, -0.9950700460805539, -0.9881329946710464, -0.9691189887502828, -0.9444413678609385, -0.9119764933669487, -0.8618920128508348, -0.8095834821084626, -0.7434985291528081, -0.6721943609993585, -0.5908636754404076, -0.5039759678794322, -0.41292440138193076, -0.3169596608728905, -0.21415925791355556, -0.11342808069891183, -0.014060672174672703, 0.09725954030883523, 0.19799950604760347, 0.29610857267018004, 0.3973266657895973, 0.49240166403257657, 0.5774557873059366, 0.6594471282129253, 0.7309884388148894, 0.8003118002768572, 0.8526197579755145, 0.905810091096418, 0.9437145277599943, 0.9739283902283821, 0.9901277989755629, 0.9947519622365, 0.9852855025465167, 0.9765636268215003, 0.9481301244760804, 0.9004245760188248, 0.8652934991798665, 0.8096920367139439, 0.7435536706042383, 0.6752621820030507, 0.5951206704037748, 0.5093841748181888, 0.4159129599296155, 0.31599134169247806, 0.2178288451231447, 0.11473143892948395, 0.011585833855103667]
zz = [0.25440882503987094, 0.2040743246594185, 0.16068742116901005, 0.12353826825298081, 0.09090469602255079, 0.06544417393079492, 0.04442505988965025, 0.029401535566755108, 0.018299448613213705, 0.009977905661221394, 0.004979539268485339, 0.0021360893391027115, 0.000781899721488078, 0.00018960047615588181, 3.3602788522331225e-05, 4.31671199789533e-06, 2.9902146657148847e-05, 0.00021827885189179498, 0.0007618727145077949, 0.0019353929091960828, 0.004763175337063738, 0.009062489481430638, 0.016447489196959424, 0.02686381855950411, 0.04184813194520555, 0.061511110953937194, 0.08616342251712193, 0.11663340602945868, 0.1543863826879309, 0.19650032175306614, 0.2430044030562521, 0.300994592250913, 0.358799652387208, 0.41996483922068173, 0.4881307782812767, 0.5568152064940319, 0.6220894362556111, 0.6884464316160438, 0.7490716666334953, 0.8102804962084593, 0.8580386715769048, 0.9080241727126147, 0.9445022710792734, 0.9741012612044554, 0.9901609359686834, 0.9947532974648863, 0.9861726132763246, 0.9767038424817299, 0.9488044570189792, 0.9028493979341811, 0.8698288076163977, 0.8187456327043786, 0.7599879286219982, 0.7016316723814157, 0.6361036747942282, 0.569559179611382, 0.5012038383384249, 0.43295435827676326, 0.3707763837730142, 0.31065716552423106, 0.2558331957316543]
zo = [0.2506611902455006, 0.24682248375971894, 0.23877131470259957, 0.22808982091777832, 0.21070289194275016, 0.19202237572036324, 0.16693876364660662, 0.14429843937056477, 0.12017722999171257, 0.09074500321962935, 0.06579813028112716, 0.04401508178227179, 0.027938318198946183, 0.013990705076067998, 0.006494866186004139, 0.0030829695501664272, 0.007616733057931808, 0.016659324956836273, 0.02895163794940978, 0.042527800987182486, 0.06640953400170152, 0.08629586176200948, 0.11229705603936292, 0.13665504635163264, 0.16287537865644414, 0.18629951591791566, 0.20634957290190803, 0.22323489404927394, 0.23794460912762513, 0.2450508658276176, 0.24579283839311142, 0.24695199879776666, 0.2382531858532946, 0.22465719069532541, 0.20881749870905436, 0.18850052116679727, 0.16426873280262821, 0.14041109010078062, 0.1127723607698305, 0.08771242872528064, 0.06713333472539218, 0.04259000665842607, 0.024926915894082774, 0.011606530413316662, 0.0031800820295656116, 9.484435650723294e-05, 0.004786039654082777, 0.010567322124372254, 0.02316203323198338, 0.04688296235671629, 0.06058552718223611, 0.08378452609866872, 0.10888751719522369, 0.13560064979230582, 0.161011764789965, 0.1856079704927924, 0.20680641133433614, 0.2237418173517291, 0.23810204534811027, 0.2458042817082868, 0.2504899466624298]
oz = [0.24931020771407947, 0.24637653956638142, 0.23719047904210105, 0.2247129611951866, 0.20965508923933066, 0.18872574450595975, 0.16572201473955608, 0.1399264587260505, 0.11388672093995587, 0.08909308496805342, 0.06536797701876836, 0.044202348522054374, 0.02652317898830569, 0.013278848149498855, 0.00687653899141313, 0.001845665281794609, 0.004191248047572139, 0.013789801804209544, 0.02508673569406963, 0.04162551660472882, 0.06217587501067744, 0.0859971558744754, 0.11131054435497331, 0.13742519352461413, 0.16256616177760935, 0.1867036716205044, 0.20840047221942812, 0.22653911463010143, 0.2391245126921564, 0.2485210770345605, 0.25413820796497955, 0.2483191083957696, 0.24214820832958162, 0.23152215627849984, 0.2122494179126436, 0.19027097112189303, 0.1690086355904354, 0.14214485140717528, 0.12007323094484242, 0.09203866673193502, 0.06941059406589746, 0.04717181465076395, 0.029783832085516545, 0.014119353651698708, 0.0066264158554318825, 0.005150526903879684, 0.008154263787136141, 0.012588634062558644, 0.027359562383260885, 0.047843454500077195, 0.06505088537949441, 0.08841656546128253, 0.11469044374021437, 0.13639855793497482, 0.1619017887448504, 0.18465809663263344, 0.2066992305775508, 0.22634118408027526, 0.23817448185171916, 0.24761336749946022, 0.2494405537721283]
oo = [0.24561867965386966, 0.29796880068614895, 0.35240129425857974, 0.4148214045809696, 0.4859576500078232, 0.5536702955293483, 0.622752342665983, 0.6862583911461305, 0.7476262419702441, 0.8101411606074481, 0.8638370403128321, 0.9096416525205551, 0.9447402196054351, 0.9725357513062372, 0.9865907704313568, 0.9950597158692681, 0.9881613295860502, 0.9693272085305624, 0.9451960626652832, 0.9139106641320852, 0.8666471559520903, 0.8186428524216438, 0.7599436282272045, 0.6990532708065731, 0.6327085929917571, 0.5654839060106975, 0.4990847057803824, 0.4335918654921951, 0.3685426246106219, 0.3099265428876429, 0.25706353851160263, 0.20373263786262027, 0.1607972126501313, 0.12385453966649747, 0.090799485885157, 0.06441235405962484, 0.044631056810282385, 0.0289877560631067, 0.018081265847059116, 0.009966920475841015, 0.0054144227219725324, 0.0022127958216214693, 0.0007844495308337891, 0.00017175341753344894, 3.0372376680145368e-05, 1.8471416313920524e-07, 0.0008858919740256473, 0.00013910275731683318, 0.0006717398868378424, 0.002421085677936492, 0.004531849565821818, 0.009051075506596793, 0.01643300588816294, 0.026366592414597642, 0.04098162241373329, 0.06017372605540487, 0.08528929084222123, 0.11696131741200412, 0.1529448356011492, 0.19592383285267886, 0.24421394660022894]
minima = -0.9950700460805539
coord = [15, 29]
