For contourf:
gamma_vec = [0.         0.05235988 0.10471976 0.15707963 0.20943951 0.26179939
 0.31415927 0.36651914 0.41887902 0.4712389  0.52359878 0.57595865
 0.62831853 0.68067841 0.73303829 0.78539816 0.83775804 0.89011792
 0.9424778  0.99483767 1.04719755 1.09955743 1.15191731 1.20427718
 1.25663706 1.30899694 1.36135682 1.41371669 1.46607657 1.51843645
 1.57079633 1.6231562  1.67551608 1.72787596 1.78023584 1.83259571
 1.88495559 1.93731547 1.98967535 2.04203522 2.0943951  2.14675498
 2.19911486 2.25147474 2.30383461 2.35619449 2.40855437 2.46091425
 2.51327412 2.565634   2.61799388 2.67035376 2.72271363 2.77507351
 2.82743339 2.87979327 2.93215314 2.98451302 3.0368729  3.08923278
 3.14159265]
beta_vec = [0.         0.05235988 0.10471976 0.15707963 0.20943951 0.26179939
 0.31415927 0.36651914 0.41887902 0.4712389  0.52359878 0.57595865
 0.62831853 0.68067841 0.73303829 0.78539816 0.83775804 0.89011792
 0.9424778  0.99483767 1.04719755 1.09955743 1.15191731 1.20427718
 1.25663706 1.30899694 1.36135682 1.41371669 1.46607657 1.51843645
 1.57079633 1.6231562  1.67551608 1.72787596 1.78023584 1.83259571
 1.88495559 1.93731547 1.98967535 2.04203522 2.0943951  2.14675498
 2.19911486 2.25147474 2.30383461 2.35619449 2.40855437 2.46091425
 2.51327412 2.565634   2.61799388 2.67035376 2.72271363 2.77507351
 2.82743339 2.87979327 2.93215314 2.98451302 3.0368729  3.08923278
 3.14159265]
exp_mat = [[ 1.63574281e-02  1.25060884e-02  1.35145226e-02  1.35213808e-02
   1.63033784e-02  1.73573661e-02  1.54427854e-02  1.34910573e-02
   1.34785178e-02  1.35192106e-02  1.44169606e-02  1.44666308e-02
   1.35218883e-02  1.64251115e-02  1.44256096e-02  1.68603520e-02
   1.44662912e-02  1.44813916e-02  1.64556091e-02  1.54687046e-02
   1.25144643e-02  1.35008009e-02  1.44561891e-02  1.54375515e-02
   1.34689987e-02  1.44656028e-02  1.63187913e-02  1.44484908e-02
   1.34076466e-02  1.83411378e-02  1.25079305e-02  1.44730780e-02
   1.35089327e-02  1.54135059e-02  1.35123149e-02  1.34770816e-02
   1.44592915e-02  1.34734377e-02  1.83734154e-02  1.44930451e-02
   1.26755224e-02  1.63611919e-02  1.44771221e-02  1.49790802e-02
   1.34750722e-02  1.25170446e-02  1.35039530e-02  1.25168538e-02
   1.34730994e-02  1.73610918e-02  1.55019530e-02  1.34775426e-02
   1.63573877e-02  1.42104633e-02  1.34549866e-02  1.25170549e-02
   1.44685656e-02  1.35038107e-02  1.44492104e-02  1.35041301e-02
   1.34969148e-02]
 [ 2.69737240e-03 -4.70702854e-03 -7.09483151e-03 -1.45123374e-02
  -2.17661745e-02 -2.60019832e-02 -2.99317036e-02 -3.60960157e-02
  -3.77063762e-02 -4.54366977e-02 -4.70147678e-02 -5.04048121e-02
  -5.89716461e-02 -6.08566717e-02 -6.45338375e-02 -7.16223431e-02
  -7.29640184e-02 -7.70404144e-02 -8.09218806e-02 -8.40411104e-02
  -8.54180040e-02 -8.65567149e-02 -8.93907497e-02 -9.11242122e-02
  -9.12368664e-02 -9.16912063e-02 -9.42272949e-02 -8.94153792e-02
  -9.47034881e-02 -9.40929731e-02 -9.39873890e-02 -9.14488085e-02
  -8.92107744e-02 -9.16788978e-02 -9.04829098e-02 -8.84891305e-02
  -8.65304763e-02 -8.11197044e-02 -7.97004441e-02 -7.97872180e-02
  -7.30018892e-02 -7.29229871e-02 -7.14280112e-02 -6.73047933e-02
  -6.25053511e-02 -5.55883039e-02 -5.45054995e-02 -5.12222017e-02
  -4.45464947e-02 -4.05489533e-02 -3.50296275e-02 -2.89611288e-02
  -2.39605517e-02 -1.66885682e-02 -1.53293115e-02 -1.10170456e-02
  -2.67482527e-03  7.99800784e-04  8.83974698e-03  1.35193175e-02
   1.80380817e-02]
 [-1.40533471e-02 -2.48302794e-02 -3.46023940e-02 -4.52349636e-02
  -5.44181744e-02 -6.51509965e-02 -7.42834380e-02 -8.49249948e-02
  -9.47655921e-02 -1.01826445e-01 -1.14598965e-01 -1.20992104e-01
  -1.27194225e-01 -1.41085068e-01 -1.44051317e-01 -1.51280887e-01
  -1.59210526e-01 -1.67080730e-01 -1.71603523e-01 -1.77785069e-01
  -1.83033702e-01 -1.83938907e-01 -1.91758190e-01 -1.90126786e-01
  -1.94194974e-01 -1.99363834e-01 -1.99612484e-01 -1.99464475e-01
  -2.02403258e-01 -2.04373263e-01 -2.04195754e-01 -2.02601791e-01
  -1.97392847e-01 -1.97898365e-01 -1.95454234e-01 -1.92093318e-01
  -1.86417793e-01 -1.84539833e-01 -1.77788197e-01 -1.73785230e-01
  -1.63571492e-01 -1.59657322e-01 -1.51251236e-01 -1.48792535e-01
  -1.38628359e-01 -1.30351221e-01 -1.20285706e-01 -1.15678869e-01
  -1.05209569e-01 -9.49643637e-02 -8.47490657e-02 -7.49286725e-02
  -6.38939391e-02 -5.18714740e-02 -4.40590422e-02 -3.36969716e-02
  -2.48808152e-02 -1.10509959e-02 -1.32076489e-03  9.59639370e-03
   2.14692717e-02]
 [-1.85358720e-02 -3.47060814e-02 -5.06581766e-02 -6.21136299e-02
  -8.13745177e-02 -9.61419625e-02 -1.10900108e-01 -1.23170394e-01
  -1.40179063e-01 -1.52981226e-01 -1.66765313e-01 -1.83975005e-01
  -1.93439802e-01 -2.08894891e-01 -2.17855943e-01 -2.29932488e-01
  -2.39600470e-01 -2.47859605e-01 -2.55915633e-01 -2.62203214e-01
  -2.73156519e-01 -2.77240156e-01 -2.86010608e-01 -2.90983868e-01
  -2.93275390e-01 -2.96069200e-01 -2.97861104e-01 -3.00760228e-01
  -3.00306793e-01 -3.00986253e-01 -3.02538848e-01 -2.98358534e-01
  -2.95203427e-01 -2.88116048e-01 -2.87606018e-01 -2.85727751e-01
  -2.79217345e-01 -2.71438989e-01 -2.65858463e-01 -2.57203024e-01
  -2.47780683e-01 -2.40623219e-01 -2.26376772e-01 -2.17119242e-01
  -2.05786145e-01 -1.94915887e-01 -1.80819577e-01 -1.67002042e-01
  -1.56056300e-01 -1.42199985e-01 -1.26245434e-01 -1.12439065e-01
  -9.83820522e-02 -7.89139398e-02 -6.51909780e-02 -5.05565389e-02
  -3.35739078e-02 -1.65260800e-02 -2.43540110e-03  1.37391955e-02
   3.25494026e-02]
 [-2.05504356e-02 -4.34269428e-02 -6.35641735e-02 -8.61879476e-02
  -1.06163702e-01 -1.27323932e-01 -1.48110712e-01 -1.66544567e-01
  -1.84644381e-01 -2.00676662e-01 -2.19301431e-01 -2.37688477e-01
  -2.54117298e-01 -2.67600825e-01 -2.79848699e-01 -2.97564942e-01
  -3.12588523e-01 -3.25396246e-01 -3.34507760e-01 -3.44904403e-01
  -3.57022940e-01 -3.65534285e-01 -3.66569894e-01 -3.77897695e-01
  -3.83477941e-01 -3.86188247e-01 -3.92737007e-01 -3.93514537e-01
  -3.93222184e-01 -3.94349804e-01 -3.93061432e-01 -3.88084318e-01
  -3.89367797e-01 -3.77758137e-01 -3.74988772e-01 -3.69105344e-01
  -3.62738906e-01 -3.53287696e-01 -3.37441823e-01 -3.28522066e-01
  -3.20452992e-01 -3.07435455e-01 -2.94140845e-01 -2.81622402e-01
  -2.65924046e-01 -2.50003725e-01 -2.34253318e-01 -2.17399812e-01
  -1.95911705e-01 -1.78334013e-01 -1.63165901e-01 -1.41011820e-01
  -1.22680680e-01 -9.96495565e-02 -7.67224567e-02 -6.00657787e-02
  -3.71592595e-02 -1.73389424e-02  1.21615730e-03  2.49279825e-02
   4.35744335e-02]
 [-3.20051713e-02 -5.88595523e-02 -8.24421359e-02 -1.08752045e-01
  -1.34896458e-01 -1.60249295e-01 -1.80463271e-01 -2.06261872e-01
  -2.27088513e-01 -2.51085829e-01 -2.72235592e-01 -2.97176347e-01
  -3.14185930e-01 -3.32699775e-01 -3.51616354e-01 -3.68793196e-01
  -3.86936162e-01 -4.00778010e-01 -4.16043461e-01 -4.27936393e-01
  -4.35110582e-01 -4.52050614e-01 -4.59809014e-01 -4.65691949e-01
  -4.68224719e-01 -4.77909828e-01 -4.78356294e-01 -4.81766722e-01
  -4.85534288e-01 -4.83931049e-01 -4.83599004e-01 -4.79200336e-01
  -4.76219289e-01 -4.64276337e-01 -4.63158302e-01 -4.52346993e-01
  -4.45577833e-01 -4.32622437e-01 -4.19253521e-01 -4.07822313e-01
  -3.93755920e-01 -3.76922701e-01 -3.62185856e-01 -3.44789049e-01
  -3.28517210e-01 -3.09064988e-01 -2.85485101e-01 -2.62104726e-01
  -2.42230627e-01 -2.17364516e-01 -1.99000152e-01 -1.71569175e-01
  -1.50215789e-01 -1.22801290e-01 -9.89895499e-02 -7.40695575e-02
  -4.71219781e-02 -1.84820644e-02  7.12170881e-03  2.91986387e-02
   5.70377830e-02]
 [-3.86921029e-02 -7.40554890e-02 -1.00631052e-01 -1.30779809e-01
  -1.61036357e-01 -1.91045320e-01 -2.20779654e-01 -2.46276091e-01
  -2.70245882e-01 -2.96767417e-01 -3.26834029e-01 -3.46232877e-01
  -3.70181071e-01 -3.96390247e-01 -4.15810098e-01 -4.39289732e-01
  -4.55609056e-01 -4.74165480e-01 -4.90789702e-01 -5.07067746e-01
  -5.17601258e-01 -5.32365197e-01 -5.44042172e-01 -5.52026323e-01
  -5.60674855e-01 -5.62973162e-01 -5.69887459e-01 -5.72881813e-01
  -5.73840153e-01 -5.74833891e-01 -5.67279982e-01 -5.68962571e-01
  -5.63962775e-01 -5.54688963e-01 -5.48900284e-01 -5.37425151e-01
  -5.26328079e-01 -5.11172368e-01 -4.97824195e-01 -4.80566620e-01
  -4.65179210e-01 -4.45301816e-01 -4.27500365e-01 -4.08154303e-01
  -3.83293331e-01 -3.63753733e-01 -3.33922980e-01 -3.13046889e-01
  -2.85941734e-01 -2.60577109e-01 -2.33384860e-01 -2.04984443e-01
  -1.78395612e-01 -1.47720624e-01 -1.15714098e-01 -8.64225393e-02
  -5.66065215e-02 -2.57296260e-02  3.20344005e-03  3.32228500e-02
   6.52039598e-02]
 [-5.05374560e-02 -8.62741472e-02 -1.21508421e-01 -1.54970107e-01
  -1.89246490e-01 -2.18854616e-01 -2.55206856e-01 -2.85761569e-01
  -3.15205945e-01 -3.45698187e-01 -3.75507346e-01 -4.03357289e-01
  -4.29175080e-01 -4.54386983e-01 -4.79870367e-01 -5.00347034e-01
  -5.21750160e-01 -5.45714542e-01 -5.59898074e-01 -5.77084070e-01
  -5.97830244e-01 -6.11555316e-01 -6.20840760e-01 -6.28363655e-01
  -6.32464189e-01 -6.46426803e-01 -6.45912259e-01 -6.54487204e-01
  -6.56819636e-01 -6.49527552e-01 -6.48452052e-01 -6.47210784e-01
  -6.41322695e-01 -6.32053176e-01 -6.23998597e-01 -6.12588532e-01
  -5.95712044e-01 -5.84869813e-01 -5.70126912e-01 -5.48089387e-01
  -5.31572424e-01 -5.06660658e-01 -4.89344849e-01 -4.64579835e-01
  -4.38772789e-01 -4.14247935e-01 -3.84958773e-01 -3.57757097e-01
  -3.26106624e-01 -2.94013935e-01 -2.67978501e-01 -2.35272094e-01
  -2.01030715e-01 -1.70513411e-01 -1.34287815e-01 -9.93067177e-02
  -6.69402717e-02 -3.13027486e-02  3.43454638e-03  3.82393642e-02
   7.43313056e-02]
 [-5.95777963e-02 -1.00309053e-01 -1.36763527e-01 -1.74504652e-01
  -2.12523506e-01 -2.48573570e-01 -2.84928760e-01 -3.19488301e-01
  -3.54436624e-01 -3.86232462e-01 -4.21500819e-01 -4.52549460e-01
  -4.78950879e-01 -5.10080837e-01 -5.34865470e-01 -5.59243516e-01
  -5.84313226e-01 -6.10093799e-01 -6.26616985e-01 -6.45651424e-01
  -6.62557366e-01 -6.79053676e-01 -6.92289876e-01 -7.03719241e-01
  -7.11341951e-01 -7.16347927e-01 -7.25372520e-01 -7.26140004e-01
  -7.29050928e-01 -7.28317034e-01 -7.20365525e-01 -7.23597065e-01
  -7.16847965e-01 -7.04589333e-01 -6.95496671e-01 -6.79382390e-01
  -6.62702951e-01 -6.55201244e-01 -6.33090474e-01 -6.10797772e-01
  -5.92795204e-01 -5.65706244e-01 -5.37502020e-01 -5.15869250e-01
  -4.90386860e-01 -4.57262438e-01 -4.31048304e-01 -3.99886957e-01
  -3.66870443e-01 -3.32200281e-01 -2.98100993e-01 -2.60945204e-01
  -2.23382069e-01 -1.86147884e-01 -1.50349235e-01 -1.11432930e-01
  -7.39980890e-02 -3.45371412e-02  3.81962898e-03  4.32229292e-02
   7.95793100e-02]
 [-6.85289048e-02 -1.12422882e-01 -1.54597733e-01 -1.92461059e-01
  -2.36437082e-01 -2.74956520e-01 -3.14362944e-01 -3.53810137e-01
  -3.88060186e-01 -4.27335129e-01 -4.62274484e-01 -4.90305847e-01
  -5.27283872e-01 -5.59002901e-01 -5.87198733e-01 -6.15980389e-01
  -6.38110198e-01 -6.66035566e-01 -6.83045489e-01 -7.01548441e-01
  -7.25651292e-01 -7.39332346e-01 -7.53741751e-01 -7.65750359e-01
  -7.76959058e-01 -7.85128276e-01 -7.86517874e-01 -7.95843021e-01
  -7.96576088e-01 -7.96515105e-01 -7.92355098e-01 -7.86148562e-01
  -7.77846493e-01 -7.66640519e-01 -7.62061980e-01 -7.45303424e-01
  -7.29200128e-01 -7.08687340e-01 -6.86400215e-01 -6.66861983e-01
  -6.46376188e-01 -6.19642522e-01 -5.89901136e-01 -5.60114246e-01
  -5.32192953e-01 -5.00159341e-01 -4.67962335e-01 -4.34455480e-01
  -3.97683852e-01 -3.59123777e-01 -3.24217359e-01 -2.83317210e-01
  -2.42130099e-01 -2.04767358e-01 -1.61015951e-01 -1.20696921e-01
  -7.90385982e-02 -3.77577363e-02  2.80276918e-03  4.59050889e-02
   8.80668662e-02]
 [-7.84070456e-02 -1.25186858e-01 -1.67157676e-01 -2.11268106e-01
  -2.56684472e-01 -2.99268104e-01 -3.40045481e-01 -3.82621855e-01
  -4.19532185e-01 -4.60229450e-01 -4.94236488e-01 -5.33009835e-01
  -5.67775382e-01 -6.01796324e-01 -6.26606732e-01 -6.58306671e-01
  -6.86222405e-01 -7.12189580e-01 -7.36847733e-01 -7.57200314e-01
  -7.72516305e-01 -7.94624920e-01 -8.12384035e-01 -8.23377369e-01
  -8.29693199e-01 -8.40414036e-01 -8.48783721e-01 -8.52840123e-01
  -8.54148352e-01 -8.50497864e-01 -8.44509945e-01 -8.41892513e-01
  -8.35571768e-01 -8.28172778e-01 -8.10711298e-01 -7.97500389e-01
  -7.82982222e-01 -7.62798141e-01 -7.41358563e-01 -7.11717868e-01
  -6.92177596e-01 -6.63617420e-01 -6.32955548e-01 -6.03702481e-01
  -5.70828730e-01 -5.34824294e-01 -5.00319997e-01 -4.65503775e-01
  -4.24877347e-01 -3.86057290e-01 -3.46513017e-01 -3.02813125e-01
  -2.61643325e-01 -2.19373446e-01 -1.75987489e-01 -1.28555219e-01
  -8.49868323e-02 -4.13645269e-02  3.77057816e-03  4.90975038e-02
   9.43939425e-02]
 [-8.85917302e-02 -1.36142877e-01 -1.82327308e-01 -2.24244110e-01
  -2.74838339e-01 -3.17791322e-01 -3.62978079e-01 -4.06009006e-01
  -4.46630985e-01 -4.87495499e-01 -5.26266867e-01 -5.64335022e-01
  -6.04089905e-01 -6.34963267e-01 -6.68606380e-01 -7.02059657e-01
  -7.30206619e-01 -7.57289282e-01 -7.75284769e-01 -8.02594924e-01
  -8.18890241e-01 -8.41605967e-01 -8.54172838e-01 -8.74033799e-01
  -8.84610485e-01 -8.86282712e-01 -9.00614296e-01 -9.02552638e-01
  -8.97535149e-01 -8.98069674e-01 -8.98851633e-01 -8.90095107e-01
  -8.83987294e-01 -8.67275455e-01 -8.59378996e-01 -8.42255677e-01
  -8.22357219e-01 -8.02541465e-01 -7.79246065e-01 -7.51639568e-01
  -7.26564992e-01 -7.00407706e-01 -6.67837099e-01 -6.39496005e-01
  -6.01430365e-01 -5.65895471e-01 -5.30328223e-01 -4.91412203e-01
  -4.50523560e-01 -4.07094394e-01 -3.63114970e-01 -3.20708436e-01
  -2.74978132e-01 -2.30480983e-01 -1.83101760e-01 -1.38077019e-01
  -8.91299736e-02 -4.28402545e-02  6.54175440e-03  5.24418522e-02
   9.99236861e-02]
 [-9.65256730e-02 -1.45278264e-01 -1.94685571e-01 -2.43289751e-01
  -2.88977032e-01 -3.37653548e-01 -3.82207487e-01 -4.26981514e-01
  -4.70523602e-01 -5.11716163e-01 -5.53996544e-01 -5.94305155e-01
  -6.27936550e-01 -6.64612587e-01 -7.01127491e-01 -7.33502087e-01
  -7.56416125e-01 -7.88509369e-01 -8.15973690e-01 -8.37705978e-01
  -8.60002154e-01 -8.75051322e-01 -8.91936173e-01 -9.12595184e-01
  -9.20038528e-01 -9.31246968e-01 -9.37090347e-01 -9.38304740e-01
  -9.35666887e-01 -9.34136785e-01 -9.40269353e-01 -9.26718527e-01
  -9.23186088e-01 -9.04154124e-01 -8.98430654e-01 -8.72205890e-01
  -8.58540299e-01 -8.34820498e-01 -8.12162107e-01 -7.90114968e-01
  -7.61829871e-01 -7.26901679e-01 -6.97697576e-01 -6.61929182e-01
  -6.27754696e-01 -5.87985088e-01 -5.47958944e-01 -5.11261435e-01
  -4.65305894e-01 -4.22317924e-01 -3.80217184e-01 -3.32856859e-01
  -2.86909570e-01 -2.36424888e-01 -1.89364991e-01 -1.41069361e-01
  -9.30578507e-02 -4.25387965e-02  7.16338022e-03  5.55210497e-02
   1.04791598e-01]
 [-1.03830472e-01 -1.54951210e-01 -2.03794350e-01 -2.52506214e-01
  -3.01407462e-01 -3.51404574e-01 -3.98330348e-01 -4.44110775e-01
  -4.84378228e-01 -5.31551273e-01 -5.70796004e-01 -6.14494341e-01
  -6.50405069e-01 -6.87323651e-01 -7.26244186e-01 -7.59258101e-01
  -7.88006957e-01 -8.19854542e-01 -8.41563202e-01 -8.67618694e-01
  -8.88225093e-01 -9.07399961e-01 -9.19216561e-01 -9.34442004e-01
  -9.53117079e-01 -9.58950390e-01 -9.62073891e-01 -9.66966947e-01
  -9.63619550e-01 -9.70617948e-01 -9.63132828e-01 -9.56546192e-01
  -9.48074841e-01 -9.35547842e-01 -9.17355901e-01 -9.00888671e-01
  -8.87270979e-01 -8.62935488e-01 -8.35399164e-01 -8.05983721e-01
  -7.79109289e-01 -7.46605272e-01 -7.15799629e-01 -6.76742643e-01
  -6.45967813e-01 -6.06403907e-01 -5.64124980e-01 -5.20803726e-01
  -4.77662354e-01 -4.34811245e-01 -3.87221067e-01 -3.37135737e-01
  -2.92286288e-01 -2.44120382e-01 -1.94191820e-01 -1.42052949e-01
  -9.32874117e-02 -4.27693717e-02  8.10344312e-03  5.86651347e-02
   1.09781118e-01]
 [-1.10106565e-01 -1.61158940e-01 -2.12053077e-01 -2.63397078e-01
  -3.12390827e-01 -3.59843642e-01 -4.09900940e-01 -4.56318909e-01
  -5.02632488e-01 -5.46497320e-01 -5.85892476e-01 -6.28857177e-01
  -6.69640713e-01 -7.04714035e-01 -7.35387031e-01 -7.69401649e-01
  -8.04614288e-01 -8.32330111e-01 -8.58268177e-01 -8.84378123e-01
  -9.08091957e-01 -9.28485626e-01 -9.37863088e-01 -9.54552550e-01
  -9.70236964e-01 -9.74997334e-01 -9.77296940e-01 -9.90081605e-01
  -9.85050035e-01 -9.82667300e-01 -9.84450791e-01 -9.67339471e-01
  -9.65267683e-01 -9.48765154e-01 -9.34483415e-01 -9.19412293e-01
  -9.01146856e-01 -8.77467292e-01 -8.50248840e-01 -8.24711788e-01
  -7.91263518e-01 -7.60573581e-01 -7.26997971e-01 -6.93609840e-01
  -6.50722368e-01 -6.14395430e-01 -5.73392862e-01 -5.27125617e-01
  -4.84333261e-01 -4.40026327e-01 -3.93360424e-01 -3.45312105e-01
  -2.94830949e-01 -2.46790861e-01 -1.95499128e-01 -1.44249428e-01
  -9.31456096e-02 -4.07195371e-02  1.02002526e-02  6.20279069e-02
   1.12819736e-01]
 [-1.16188751e-01 -1.67016573e-01 -2.19090507e-01 -2.71014740e-01
  -3.20071883e-01 -3.68678505e-01 -4.17547324e-01 -4.63447041e-01
  -5.07014847e-01 -5.51367893e-01 -5.94339835e-01 -6.36086224e-01
  -6.75623481e-01 -7.13617093e-01 -7.41235855e-01 -7.82507521e-01
  -8.13774283e-01 -8.40122254e-01 -8.71237683e-01 -8.91908382e-01
  -9.11903478e-01 -9.36663584e-01 -9.47599558e-01 -9.64690952e-01
  -9.77163535e-01 -9.85924932e-01 -9.90971014e-01 -9.91361447e-01
  -9.92847604e-01 -9.91709309e-01 -9.90297648e-01 -9.82512924e-01
  -9.73262846e-01 -9.56542534e-01 -9.41973906e-01 -9.25829125e-01
  -9.06887203e-01 -8.81980690e-01 -8.58130922e-01 -8.28516098e-01
  -7.95070678e-01 -7.63516593e-01 -7.30359155e-01 -6.94253077e-01
  -6.53546619e-01 -6.11151255e-01 -5.73473241e-01 -5.30595130e-01
  -4.87775054e-01 -4.40168953e-01 -3.93376700e-01 -3.43732629e-01
  -2.93515979e-01 -2.45153740e-01 -1.93468247e-01 -1.43045561e-01
  -9.10969665e-02 -3.95698377e-02  1.28274651e-02  6.57937886e-02
   1.17175709e-01]
 [-1.21454749e-01 -1.72561110e-01 -2.24062440e-01 -2.75132359e-01
  -3.22652377e-01 -3.72600626e-01 -4.19503058e-01 -4.66283604e-01
  -5.11962960e-01 -5.54658735e-01 -5.97061791e-01 -6.38852523e-01
  -6.78821727e-01 -7.14884746e-01 -7.48534104e-01 -7.82667899e-01
  -8.14823264e-01 -8.43231051e-01 -8.65221367e-01 -8.88581507e-01
  -9.09823361e-01 -9.29390332e-01 -9.46602114e-01 -9.59199376e-01
  -9.72552672e-01 -9.81952972e-01 -9.88641188e-01 -9.85443657e-01
  -9.94112655e-01 -9.87306769e-01 -9.83876572e-01 -9.73971586e-01
  -9.63749353e-01 -9.52065646e-01 -9.39853495e-01 -9.17806574e-01
  -9.00777026e-01 -8.74458748e-01 -8.51087972e-01 -8.22426065e-01
  -7.88987943e-01 -7.57356990e-01 -7.23843947e-01 -6.89275002e-01
  -6.50219651e-01 -6.09284589e-01 -5.69067280e-01 -5.25676445e-01
  -4.80114343e-01 -4.33097604e-01 -3.88564365e-01 -3.37277786e-01
  -2.89552889e-01 -2.40749911e-01 -1.91141034e-01 -1.39631459e-01
  -8.82766140e-02 -3.61648422e-02  1.53287476e-02  6.71590013e-02
   1.18317358e-01]
 [-1.25943656e-01 -1.76766412e-01 -2.26104456e-01 -2.75621745e-01
  -3.24546462e-01 -3.71354361e-01 -4.20061678e-01 -4.62266263e-01
  -5.07072896e-01 -5.52665575e-01 -5.90271556e-01 -6.31911482e-01
  -6.71295014e-01 -7.04062378e-01 -7.43008861e-01 -7.74544228e-01
  -8.05706179e-01 -8.29581496e-01 -8.55995738e-01 -8.79912020e-01
  -9.00451290e-01 -9.22119323e-01 -9.31937617e-01 -9.49475475e-01
  -9.56443017e-01 -9.66796609e-01 -9.74178506e-01 -9.76523522e-01
  -9.74292920e-01 -9.75273054e-01 -9.69652084e-01 -9.57901232e-01
  -9.53927117e-01 -9.36495944e-01 -9.24432981e-01 -9.04813089e-01
  -8.83379503e-01 -8.58939211e-01 -8.33122445e-01 -8.04656666e-01
  -7.74459833e-01 -7.44597528e-01 -7.12266475e-01 -6.74541511e-01
  -6.39346164e-01 -5.99103657e-01 -5.57901136e-01 -5.13630990e-01
  -4.70605554e-01 -4.26246297e-01 -3.78114261e-01 -3.32075897e-01
  -2.82436057e-01 -2.33913242e-01 -1.83453139e-01 -1.32333242e-01
  -8.32471960e-02 -3.22227890e-02  1.86834366e-02  6.95039149e-02
   1.19730720e-01]
 [-1.29426628e-01 -1.78869916e-01 -2.27050738e-01 -2.74554539e-01
  -3.21095544e-01 -3.68478227e-01 -4.14471627e-01 -4.59072059e-01
  -5.02308836e-01 -5.43429679e-01 -5.80243726e-01 -6.21766690e-01
  -6.56639849e-01 -6.93762094e-01 -7.25681183e-01 -7.57379539e-01
  -7.85854779e-01 -8.13661917e-01 -8.36579471e-01 -8.60173551e-01
  -8.78067316e-01 -8.99169242e-01 -9.15019791e-01 -9.19404876e-01
  -9.37183215e-01 -9.46504081e-01 -9.48468908e-01 -9.54139864e-01
  -9.49493199e-01 -9.49903596e-01 -9.45635325e-01 -9.37774753e-01
  -9.26236221e-01 -9.11759686e-01 -8.94547826e-01 -8.81273826e-01
  -8.58675274e-01 -8.37098825e-01 -8.11183946e-01 -7.82709735e-01
  -7.50999723e-01 -7.19315210e-01 -6.86446310e-01 -6.55675523e-01
  -6.17524141e-01 -5.77256357e-01 -5.37803761e-01 -4.98548421e-01
  -4.54304573e-01 -4.06663307e-01 -3.64880586e-01 -3.17837488e-01
  -2.70358333e-01 -2.23971776e-01 -1.74718270e-01 -1.26743296e-01
  -7.69225874e-02 -2.71435622e-02  2.17581027e-02  6.92282253e-02
   1.20225038e-01]
 [-1.32882610e-01 -1.76841908e-01 -2.25326005e-01 -2.72571148e-01
  -3.16562520e-01 -3.59541550e-01 -4.05017231e-01 -4.47582619e-01
  -4.89593550e-01 -5.27535280e-01 -5.67957436e-01 -6.03771832e-01
  -6.39251187e-01 -6.69905728e-01 -7.00175674e-01 -7.34234743e-01
  -7.60171221e-01 -7.81925803e-01 -8.07685523e-01 -8.30209943e-01
  -8.52724663e-01 -8.67263040e-01 -8.80064237e-01 -8.92819866e-01
  -9.03035855e-01 -9.09696559e-01 -9.14716319e-01 -9.18592779e-01
  -9.16239944e-01 -9.12708617e-01 -9.07648847e-01 -8.97461542e-01
  -8.89208992e-01 -8.76856944e-01 -8.55939102e-01 -8.43295126e-01
  -8.24066246e-01 -8.01421212e-01 -7.78935675e-01 -7.51599605e-01
  -7.20978694e-01 -6.92839942e-01 -6.61293573e-01 -6.27484196e-01
  -5.91457375e-01 -5.52756009e-01 -5.14205242e-01 -4.73917754e-01
  -4.30981505e-01 -3.89734490e-01 -3.45119693e-01 -3.01504210e-01
  -2.57003709e-01 -2.10682746e-01 -1.63486674e-01 -1.17762463e-01
  -6.94428829e-02 -2.28546243e-02  2.57057823e-02  7.33752807e-02
   1.20745189e-01]
 [-1.33720937e-01 -1.77158466e-01 -2.21636131e-01 -2.66413743e-01
  -3.07793306e-01 -3.49972408e-01 -3.91908245e-01 -4.32983138e-01
  -4.69521621e-01 -5.08489298e-01 -5.44548563e-01 -5.79286658e-01
  -6.08189858e-01 -6.42409998e-01 -6.72714596e-01 -7.02037796e-01
  -7.26967445e-01 -7.49870998e-01 -7.75482775e-01 -7.89618314e-01
  -8.11154893e-01 -8.26929539e-01 -8.36406139e-01 -8.49731803e-01
  -8.57908108e-01 -8.65287503e-01 -8.67880269e-01 -8.69156576e-01
  -8.72540665e-01 -8.68551651e-01 -8.59719099e-01 -8.51869747e-01
  -8.45520463e-01 -8.29091885e-01 -8.13696785e-01 -7.99357264e-01
  -7.77031747e-01 -7.60552258e-01 -7.35192118e-01 -7.08871974e-01
  -6.82050768e-01 -6.53478084e-01 -6.21326889e-01 -5.90216592e-01
  -5.56330790e-01 -5.21046082e-01 -4.82792178e-01 -4.45688381e-01
  -4.05014929e-01 -3.65735727e-01 -3.23966494e-01 -2.80843633e-01
  -2.38814084e-01 -1.95640449e-01 -1.50223228e-01 -1.03871855e-01
  -6.03173779e-02 -1.59371176e-02  2.90428215e-02  7.50475815e-02
   1.18369547e-01]
 [-1.32267636e-01 -1.77176380e-01 -2.15019678e-01 -2.57393415e-01
  -2.96538130e-01 -3.36474662e-01 -3.75992733e-01 -4.12563419e-01
  -4.48629052e-01 -4.83396173e-01 -5.14656896e-01 -5.48155108e-01
  -5.80180732e-01 -6.06418149e-01 -6.38206187e-01 -6.62592066e-01
  -6.85401787e-01 -7.10035324e-01 -7.27247177e-01 -7.46575860e-01
  -7.64737526e-01 -7.73815173e-01 -7.86062459e-01 -7.88230317e-01
  -8.08260640e-01 -8.12102432e-01 -8.12960220e-01 -8.16304068e-01
  -8.15504306e-01 -8.09387131e-01 -8.06057427e-01 -7.97675207e-01
  -7.88037816e-01 -7.77873286e-01 -7.62891617e-01 -7.45527638e-01
  -7.25753326e-01 -7.05797300e-01 -6.83921073e-01 -6.57964071e-01
  -6.35270101e-01 -6.08889361e-01 -5.77292568e-01 -5.47865642e-01
  -5.16860944e-01 -4.82134426e-01 -4.47478296e-01 -4.09539667e-01
  -3.69877289e-01 -3.34498761e-01 -2.95466422e-01 -2.57491364e-01
  -2.16724666e-01 -1.76209252e-01 -1.35467250e-01 -9.33529488e-02
  -5.10932083e-02 -9.94129888e-03  3.01569344e-02  7.40084464e-02
   1.17397796e-01]
 [-1.33456876e-01 -1.71330943e-01 -2.09743429e-01 -2.45482120e-01
  -2.82799466e-01 -3.18888309e-01 -3.55356633e-01 -3.89606031e-01
  -4.20910605e-01 -4.52922841e-01 -4.85267368e-01 -5.14834376e-01
  -5.38907166e-01 -5.68471521e-01 -5.92209007e-01 -6.17506527e-01
  -6.38126896e-01 -6.54948498e-01 -6.74343727e-01 -6.93787358e-01
  -7.08152060e-01 -7.14536170e-01 -7.31080142e-01 -7.37227033e-01
  -7.38358896e-01 -7.50403652e-01 -7.51784252e-01 -7.51170615e-01
  -7.50838938e-01 -7.43877954e-01 -7.40907207e-01 -7.30824843e-01
  -7.25576920e-01 -7.05200079e-01 -6.97502026e-01 -6.83761441e-01
  -6.66608806e-01 -6.44725709e-01 -6.27633445e-01 -6.03195457e-01
  -5.81676554e-01 -5.55417900e-01 -5.26869627e-01 -4.99373397e-01
  -4.66825661e-01 -4.37158514e-01 -4.05410426e-01 -3.73882739e-01
  -3.38299806e-01 -3.02314869e-01 -2.67400548e-01 -2.31675768e-01
  -1.94526382e-01 -1.55246503e-01 -1.17632239e-01 -8.18274779e-02
  -4.00450565e-02 -1.20198962e-03  3.66738815e-02  7.38700205e-02
   1.14129041e-01]
 [-1.30995810e-01 -1.66781368e-01 -2.01068762e-01 -2.33877738e-01
  -2.65664146e-01 -2.99692853e-01 -3.28886764e-01 -3.60149501e-01
  -3.89334124e-01 -4.20871225e-01 -4.46225887e-01 -4.73103144e-01
  -4.98680819e-01 -5.21369469e-01 -5.44009783e-01 -5.63114355e-01
  -5.83087262e-01 -6.01747675e-01 -6.15747638e-01 -6.30274243e-01
  -6.42982917e-01 -6.52173053e-01 -6.62771509e-01 -6.68607940e-01
  -6.75184467e-01 -6.78718794e-01 -6.80838850e-01 -6.78320203e-01
  -6.78791064e-01 -6.74466485e-01 -6.68890951e-01 -6.62933868e-01
  -6.52338462e-01 -6.41657585e-01 -6.30198235e-01 -6.14321860e-01
  -5.98794620e-01 -5.79524506e-01 -5.60694970e-01 -5.42810476e-01
  -5.19802818e-01 -4.94025653e-01 -4.69628586e-01 -4.45249777e-01
  -4.16613841e-01 -3.89511839e-01 -3.58685732e-01 -3.29169844e-01
  -2.97888553e-01 -2.63683223e-01 -2.33202678e-01 -2.03620760e-01
  -1.66834870e-01 -1.32368689e-01 -1.00025877e-01 -6.44216560e-02
  -2.63077928e-02  6.72886348e-03  3.97886752e-02  7.72991382e-02
   1.10718968e-01]
 [-1.28216156e-01 -1.58426405e-01 -1.89186362e-01 -2.16343801e-01
  -2.47682171e-01 -2.75821378e-01 -3.01849121e-01 -3.29605588e-01
  -3.56795322e-01 -3.80006673e-01 -4.02719400e-01 -4.26800225e-01
  -4.47426118e-01 -4.65896660e-01 -4.85669631e-01 -5.03391074e-01
  -5.21243693e-01 -5.37192325e-01 -5.50781450e-01 -5.59794384e-01
  -5.73754740e-01 -5.80081754e-01 -5.88340844e-01 -5.92421383e-01
  -5.98151926e-01 -6.02530327e-01 -6.03610241e-01 -5.99628626e-01
  -5.98689943e-01 -5.93764338e-01 -5.90025633e-01 -5.82283213e-01
  -5.74280702e-01 -5.61779033e-01 -5.50242381e-01 -5.37409014e-01
  -5.23415611e-01 -5.09030180e-01 -4.90416044e-01 -4.71863324e-01
  -4.47271185e-01 -4.30474837e-01 -4.09555727e-01 -3.83953074e-01
  -3.58845366e-01 -3.35215919e-01 -3.08137769e-01 -2.81767595e-01
  -2.53511361e-01 -2.26460112e-01 -1.98908615e-01 -1.68078238e-01
  -1.39382918e-01 -1.08332761e-01 -7.60365767e-02 -4.55985065e-02
  -1.56013524e-02  1.58497875e-02  4.48341052e-02  7.70482380e-02
   1.07051662e-01]
 [-1.26056290e-01 -1.52620632e-01 -1.76779593e-01 -2.01913108e-01
  -2.26041660e-01 -2.48968340e-01 -2.72315635e-01 -2.96283276e-01
  -3.17410763e-01 -3.39419547e-01 -3.56507759e-01 -3.80740063e-01
  -3.92179271e-01 -4.11345387e-01 -4.28194434e-01 -4.41725461e-01
  -4.55378442e-01 -4.67177105e-01 -4.78229689e-01 -4.88508165e-01
  -4.95925624e-01 -5.02778146e-01 -5.07405469e-01 -5.12659309e-01
  -5.17041321e-01 -5.16164727e-01 -5.17545211e-01 -5.13304170e-01
  -5.13097348e-01 -5.06999157e-01 -5.04614370e-01 -4.97409724e-01
  -4.88691259e-01 -4.79600841e-01 -4.68266589e-01 -4.57133705e-01
  -4.44518171e-01 -4.27651867e-01 -4.13440636e-01 -3.96535867e-01
  -3.80015685e-01 -3.59793184e-01 -3.41011343e-01 -3.21352993e-01
  -2.99323719e-01 -2.77252649e-01 -2.53593285e-01 -2.31362868e-01
  -2.05055038e-01 -1.82854250e-01 -1.57322380e-01 -1.33831617e-01
  -1.07734231e-01 -8.09384228e-02 -5.53868600e-02 -3.12363376e-02
  -3.97316513e-03  2.36559357e-02  5.04330616e-02  7.66455703e-02
   9.86432511e-02]
 [-1.22680540e-01 -1.41285499e-01 -1.61600536e-01 -1.81687658e-01
  -2.06983383e-01 -2.23330116e-01 -2.42196029e-01 -2.59906768e-01
  -2.75254237e-01 -2.92455285e-01 -3.05530437e-01 -3.22407695e-01
  -3.36755218e-01 -3.48849710e-01 -3.62963282e-01 -3.70559896e-01
  -3.82992175e-01 -3.93497488e-01 -3.99999081e-01 -4.08176641e-01
  -4.11866934e-01 -4.17222316e-01 -4.22805282e-01 -4.24329829e-01
  -4.26113205e-01 -4.27851848e-01 -4.24040831e-01 -4.23774720e-01
  -4.21416895e-01 -4.15042148e-01 -4.08419566e-01 -4.01606460e-01
  -3.95547536e-01 -3.87306583e-01 -3.79762364e-01 -3.67390784e-01
  -3.56803995e-01 -3.43259125e-01 -3.30620819e-01 -3.16408380e-01
  -3.02627345e-01 -2.85032296e-01 -2.67692327e-01 -2.51971311e-01
  -2.34190067e-01 -2.14162454e-01 -1.98379087e-01 -1.79627061e-01
  -1.57896789e-01 -1.37206263e-01 -1.15761638e-01 -9.44152051e-02
  -7.39788682e-02 -5.46998994e-02 -3.33430255e-02 -1.10265930e-02
   1.22224015e-02  3.16386374e-02  5.39176191e-02  7.20116116e-02
   9.46174864e-02]
 [-1.17317810e-01 -1.35312285e-01 -1.48827916e-01 -1.63149242e-01
  -1.79736496e-01 -1.90297334e-01 -2.06327388e-01 -2.20349740e-01
  -2.32005708e-01 -2.43762994e-01 -2.55003985e-01 -2.66060246e-01
  -2.76134954e-01 -2.89696442e-01 -2.93027390e-01 -2.98548785e-01
  -3.07670879e-01 -3.15232311e-01 -3.20940287e-01 -3.23475575e-01
  -3.25027484e-01 -3.32102610e-01 -3.30749346e-01 -3.32061410e-01
  -3.31679194e-01 -3.33810804e-01 -3.30040502e-01 -3.28840233e-01
  -3.24018400e-01 -3.19158860e-01 -3.15844371e-01 -3.09231833e-01
  -3.01302562e-01 -2.94870519e-01 -2.85172038e-01 -2.75476652e-01
  -2.67733681e-01 -2.57762380e-01 -2.46174993e-01 -2.33006436e-01
  -2.18334427e-01 -2.07424375e-01 -1.97764599e-01 -1.82030311e-01
  -1.67390440e-01 -1.53137468e-01 -1.35577643e-01 -1.19587201e-01
  -1.06496293e-01 -9.02780863e-02 -7.66370931e-02 -5.78368681e-02
  -3.93537487e-02 -2.43721000e-02 -8.44769516e-03  8.93917772e-03
   2.23309457e-02  4.11984199e-02  5.89115326e-02  7.37035048e-02
   8.77380681e-02]
 [-1.15171162e-01 -1.20471378e-01 -1.31223271e-01 -1.40887573e-01
  -1.50876265e-01 -1.63263239e-01 -1.71253657e-01 -1.75954512e-01
  -1.87841641e-01 -1.93494167e-01 -1.99852165e-01 -2.04944764e-01
  -2.11151202e-01 -2.19595596e-01 -2.22124951e-01 -2.25486044e-01
  -2.31212963e-01 -2.32215000e-01 -2.34270988e-01 -2.36214481e-01
  -2.38474477e-01 -2.39654327e-01 -2.39556899e-01 -2.35353771e-01
  -2.34418588e-01 -2.32683686e-01 -2.32009251e-01 -2.25956789e-01
  -2.22668340e-01 -2.20873101e-01 -2.13981031e-01 -2.08451846e-01
  -2.03530293e-01 -1.95840222e-01 -1.86258592e-01 -1.82280742e-01
  -1.72399452e-01 -1.64083589e-01 -1.57096614e-01 -1.47740691e-01
  -1.39128154e-01 -1.29557287e-01 -1.16696887e-01 -1.07270176e-01
  -9.36253905e-02 -8.68411443e-02 -7.87188382e-02 -6.30260542e-02
  -5.07470928e-02 -4.31478828e-02 -2.97871930e-02 -1.82277454e-02
  -6.35824980e-03  2.74027105e-03  1.59215366e-02  2.75249225e-02
   3.85506831e-02  4.85361222e-02  5.96365731e-02  7.13584645e-02
   8.22075020e-02]
 [-1.05294693e-01 -1.10502225e-01 -1.15487082e-01 -1.21784438e-01
  -1.22150524e-01 -1.27995559e-01 -1.28901686e-01 -1.34381724e-01
  -1.38347608e-01 -1.40263821e-01 -1.44468561e-01 -1.45509432e-01
  -1.46288834e-01 -1.47208044e-01 -1.48254540e-01 -1.50521022e-01
  -1.50583651e-01 -1.48313434e-01 -1.50154501e-01 -1.46917156e-01
  -1.47215471e-01 -1.44438648e-01 -1.42101488e-01 -1.42324757e-01
  -1.35871685e-01 -1.33379820e-01 -1.31785978e-01 -1.25461574e-01
  -1.22412561e-01 -1.16390278e-01 -1.09940419e-01 -1.08972190e-01
  -1.03085112e-01 -9.63663696e-02 -9.06849643e-02 -8.68283155e-02
  -7.79839774e-02 -7.26033705e-02 -6.49300627e-02 -5.88359477e-02
  -5.12914863e-02 -4.71955165e-02 -4.04052112e-02 -3.45133213e-02
  -2.46305466e-02 -2.07564786e-02 -1.38400299e-02 -2.83237293e-03
  -2.21233174e-03  6.80994186e-03  1.61349328e-02  2.18258388e-02
   2.74451702e-02  3.37133970e-02  3.83224960e-02  4.59116411e-02
   5.38984109e-02  5.77565980e-02  6.52017188e-02  6.89574907e-02
   7.55655322e-02]
 [-9.60928599e-02 -9.52419818e-02 -9.83435055e-02 -9.41709389e-02
  -9.52950182e-02 -9.30324707e-02 -9.08088626e-02 -9.28687264e-02
  -9.09126563e-02 -8.54782661e-02 -8.49129002e-02 -8.35603545e-02
  -8.19932467e-02 -7.52610738e-02 -7.37963394e-02 -7.18859456e-02
  -6.59593848e-02 -6.59931249e-02 -6.05707853e-02 -5.52988770e-02
  -5.30291708e-02 -4.85156629e-02 -4.23496136e-02 -3.92520767e-02
  -3.57568018e-02 -3.16403718e-02 -2.48854733e-02 -2.49894710e-02
  -1.79924623e-02 -1.44536399e-02 -6.97198183e-03 -5.19635135e-03
  -2.96048712e-04  4.60137234e-03  8.80099393e-03  1.41666391e-02
   1.72835984e-02  2.15439564e-02  2.62017723e-02  3.01624806e-02
   3.10261598e-02  3.13220774e-02  4.05437949e-02  4.27483812e-02
   4.52601737e-02  5.05649107e-02  5.19541712e-02  5.33509371e-02
   5.63979822e-02  5.56386149e-02  6.24371290e-02  6.46933941e-02
   6.08712960e-02  6.36501716e-02  6.77776721e-02  6.66619838e-02
   6.83950392e-02  6.66138944e-02  6.74565345e-02  6.79216472e-02
   6.51771808e-02]
 [-8.84384869e-02 -8.37543805e-02 -7.70639623e-02 -7.17559560e-02
  -6.56215784e-02 -5.95061347e-02 -5.32173015e-02 -4.46989076e-02
  -3.79378487e-02 -3.23523785e-02 -2.45939304e-02 -1.96370703e-02
  -1.18190327e-02 -6.88133239e-03 -1.98565449e-03  8.76253403e-03
   1.45896534e-02  2.23469428e-02  2.59673751e-02  3.36064670e-02
   3.87333169e-02  4.76156893e-02  5.54760489e-02  5.93675035e-02
   6.56945226e-02  6.95128339e-02  7.67780918e-02  8.18360977e-02
   8.82606600e-02  9.15516972e-02  9.49158124e-02  9.84470887e-02
   1.01188532e-01  1.05923938e-01  1.08311209e-01  1.12377418e-01
   1.13472078e-01  1.14113783e-01  1.12448175e-01  1.19111465e-01
   1.21025451e-01  1.20273271e-01  1.20188871e-01  1.21304155e-01
   1.19141954e-01  1.17751921e-01  1.14048308e-01  1.12292755e-01
   1.08051916e-01  1.09466002e-01  1.05975295e-01  9.97934493e-02
   9.87136322e-02  9.57215346e-02  8.86186232e-02  8.64199053e-02
   8.28764430e-02  7.57337201e-02  7.10853377e-02  6.18830254e-02
   5.93123500e-02]
 [-8.01116412e-02 -7.07580228e-02 -5.76437218e-02 -4.86046317e-02
  -3.54547138e-02 -2.26701900e-02 -1.33031849e-02 -3.01057887e-03
   9.35982276e-03  2.26261955e-02  3.00353336e-02  4.46505711e-02
   5.42383976e-02  6.61865690e-02  7.45910755e-02  8.42112272e-02
   9.64518557e-02  1.06083611e-01  1.15665309e-01  1.23770844e-01
   1.35958287e-01  1.42810882e-01  1.49468909e-01  1.58882969e-01
   1.64578168e-01  1.74283386e-01  1.77771228e-01  1.83406242e-01
   1.88606518e-01  1.90361935e-01  1.98135776e-01  1.99538823e-01
   2.04022418e-01  2.04576396e-01  2.10082054e-01  2.05807491e-01
   2.03395760e-01  2.07147582e-01  2.03096255e-01  2.00540823e-01
   2.03005585e-01  2.02454704e-01  1.97899754e-01  1.95057332e-01
   1.90173646e-01  1.82674826e-01  1.79604885e-01  1.71157813e-01
   1.65094152e-01  1.58920885e-01  1.48564846e-01  1.43661482e-01
   1.35397413e-01  1.23824892e-01  1.13624457e-01  1.06745726e-01
   9.45529905e-02  8.44388285e-02  7.47506537e-02  5.89418013e-02
   5.24939111e-02]
 [-7.39604331e-02 -5.61529413e-02 -3.96451641e-02 -2.24309346e-02
  -1.39401796e-02  9.44035394e-03  2.77413624e-02  4.10865980e-02
   5.69786971e-02  7.21641336e-02  9.08455638e-02  1.07317416e-01
   1.15123811e-01  1.36478712e-01  1.50286160e-01  1.62123018e-01
   1.73558426e-01  1.91027100e-01  2.02285456e-01  2.13744527e-01
   2.24468615e-01  2.35476586e-01  2.46117420e-01  2.52697828e-01
   2.63595701e-01  2.70121181e-01  2.81349286e-01  2.86244747e-01
   2.86069516e-01  2.93689665e-01  2.97312841e-01  2.97430282e-01
   3.02327070e-01  3.00438255e-01  3.04504886e-01  3.03183072e-01
   3.00359316e-01  3.03107823e-01  2.95839755e-01  2.92137897e-01
   2.85595944e-01  2.80562772e-01  2.75108007e-01  2.65811565e-01
   2.57470825e-01  2.49500290e-01  2.39465054e-01  2.29376106e-01
   2.15143518e-01  2.04992307e-01  1.92633265e-01  1.80571149e-01
   1.67665686e-01  1.48477166e-01  1.39291154e-01  1.22790079e-01
   1.04790162e-01  9.04058606e-02  7.43760143e-02  5.67685475e-02
   4.13986950e-02]
 [-6.42193970e-02 -4.20227092e-02 -1.97575690e-02  6.64316860e-04
   2.14536659e-02  4.52687674e-02  6.26100745e-02  8.62472234e-02
   1.06544033e-01  1.27225002e-01  1.44199154e-01  1.68161148e-01
   1.85796107e-01  2.02958587e-01  2.21513693e-01  2.38828812e-01
   2.57493661e-01  2.72673576e-01  2.85691563e-01  2.99455888e-01
   3.12444592e-01  3.26672000e-01  3.38381037e-01  3.45090972e-01
   3.58865616e-01  3.68866004e-01  3.75184325e-01  3.80600457e-01
   3.89539583e-01  3.88448531e-01  3.96519585e-01  3.99529527e-01
   3.98447102e-01  3.96302790e-01  3.96060903e-01  3.93700387e-01
   3.93088369e-01  3.85175691e-01  3.80745895e-01  3.71831467e-01
   3.67828649e-01  3.59678342e-01  3.44615576e-01  3.32725073e-01
   3.26693370e-01  3.12147993e-01  2.93385373e-01  2.82036623e-01
   2.63902081e-01  2.49721448e-01  2.31989541e-01  2.17606773e-01
   1.95455357e-01  1.81546245e-01  1.61784943e-01  1.42841680e-01
   1.20044251e-01  1.01482403e-01  7.75506191e-02  5.73278250e-02
   3.74526569e-02]
 [-5.58230833e-02 -2.63040150e-02 -3.04216096e-03  2.42507107e-02
   4.91065035e-02  7.63230502e-02  9.86680289e-02  1.26134217e-01
   1.49609631e-01  1.79748147e-01  2.03037802e-01  2.23216194e-01
   2.49141218e-01  2.65579664e-01  2.92118072e-01  3.10641564e-01
   3.28434056e-01  3.49713449e-01  3.67485180e-01  3.78696674e-01
   3.97823223e-01  4.11225046e-01  4.27841766e-01  4.37946168e-01
   4.47889414e-01  4.53078320e-01  4.69585797e-01  4.72417228e-01
   4.78906574e-01  4.84064978e-01  4.88597155e-01  4.89858537e-01
   4.91438092e-01  4.88916069e-01  4.86596055e-01  4.82653092e-01
   4.76796474e-01  4.67122118e-01  4.63947133e-01  4.53100864e-01
   4.45318954e-01  4.30909905e-01  4.17571621e-01  4.04910263e-01
   3.89407802e-01  3.69587665e-01  3.55947654e-01  3.32153493e-01
   3.17742071e-01  2.91972376e-01  2.74561807e-01  2.52519736e-01
   2.26831684e-01  2.04218101e-01  1.79079803e-01  1.54620730e-01
   1.29555560e-01  1.04411708e-01  7.46943745e-02  5.51917662e-02
   2.59770470e-02]
 [-4.70338765e-02 -1.08626600e-02  1.72630478e-02  4.54028005e-02
   7.76686468e-02  1.07436032e-01  1.39292413e-01  1.68983218e-01
   1.98389776e-01  2.24393563e-01  2.51927942e-01  2.79603778e-01
   3.06170484e-01  3.31092889e-01  3.54905197e-01  3.78579055e-01
   4.00551483e-01  4.22352200e-01  4.44164959e-01  4.60179972e-01
   4.81808723e-01  4.99473493e-01  5.07099707e-01  5.24568167e-01
   5.40021229e-01  5.47855727e-01  5.50736218e-01  5.63003546e-01
   5.70180994e-01  5.73495449e-01  5.74976877e-01  5.76802966e-01
   5.77571042e-01  5.74053744e-01  5.74284239e-01  5.63898621e-01
   5.60419622e-01  5.50967559e-01  5.43022497e-01  5.28954628e-01
   5.15876966e-01  4.99961815e-01  4.80147796e-01  4.68739229e-01
   4.47717235e-01  4.28980434e-01  4.06604202e-01  3.84016617e-01
   3.61159919e-01  3.35026269e-01  3.12040268e-01  2.84893098e-01
   2.55421891e-01  2.28434209e-01  2.01342561e-01  1.72526690e-01
   1.43397680e-01  1.13045740e-01  8.28199256e-02  4.99834623e-02
   2.18558310e-02]
 [-3.59014593e-02 -2.19347586e-03  3.33908498e-02  6.89263011e-02
   1.02903001e-01  1.38647363e-01  1.70871868e-01  2.04410365e-01
   2.35233190e-01  2.67450759e-01  3.01385811e-01  3.31217538e-01
   3.60358578e-01  3.89317783e-01  4.14031641e-01  4.43045320e-01
   4.69244347e-01  4.92100190e-01  5.15429969e-01  5.33692442e-01
   5.57155509e-01  5.74931034e-01  5.89945775e-01  6.06013903e-01
   6.11432249e-01  6.28461333e-01  6.33189744e-01  6.44956032e-01
   6.52238207e-01  6.52437224e-01  6.58450143e-01  6.61959977e-01
   6.53484174e-01  6.51910002e-01  6.50909450e-01  6.42695198e-01
   6.27410845e-01  6.25031781e-01  6.06674565e-01  5.94276670e-01
   5.83238045e-01  5.60483376e-01  5.47353242e-01  5.20746073e-01
   5.04350550e-01  4.78110971e-01  4.54729762e-01  4.25695523e-01
   4.00260870e-01  3.73745555e-01  3.43665918e-01  3.15216464e-01
   2.82968255e-01  2.47899495e-01  2.17422928e-01  1.87705915e-01
   1.52666260e-01  1.18189273e-01  8.29889077e-02  4.81939110e-02
   1.27863223e-02]
 [-2.69237696e-02  1.27368865e-02  5.18593934e-02  9.09823186e-02
   1.28055287e-01  1.66173804e-01  2.02912724e-01  2.41365847e-01
   2.76545224e-01  3.11012355e-01  3.42980059e-01  3.76410153e-01
   4.11108109e-01  4.46178272e-01  4.73257008e-01  5.02052265e-01
   5.28300008e-01  5.57495031e-01  5.80701388e-01  6.03587234e-01
   6.20604933e-01  6.42559053e-01  6.56391024e-01  6.67492282e-01
   6.85507113e-01  7.00267596e-01  7.11707179e-01  7.13619058e-01
   7.24432397e-01  7.28174798e-01  7.30174823e-01  7.26795239e-01
   7.29532227e-01  7.23852811e-01  7.14433514e-01  7.13781650e-01
   7.03567202e-01  6.90367289e-01  6.77289087e-01  6.61260376e-01
   6.41091933e-01  6.20439886e-01  6.00889918e-01  5.77253876e-01
   5.50209780e-01  5.29893858e-01  4.97832706e-01  4.68761753e-01
   4.38146719e-01  4.10011156e-01  3.78188745e-01  3.41798364e-01
   3.05477164e-01  2.70983631e-01  2.35924214e-01  1.98011561e-01
   1.60755876e-01  1.20988640e-01  8.27745426e-02  4.49934909e-02
   4.73870894e-03]
 [-1.62359075e-02  2.47504998e-02  6.51205297e-02  1.07850414e-01
   1.48482660e-01  1.90115801e-01  2.32139588e-01  2.70251346e-01
   3.09954015e-01  3.49931707e-01  3.87252316e-01  4.20405517e-01
   4.54782119e-01  4.89854533e-01  5.20762191e-01  5.52877124e-01
   5.81859133e-01  6.13380959e-01  6.34523499e-01  6.61284308e-01
   6.84930269e-01  7.05672138e-01  7.25528936e-01  7.45023051e-01
   7.58112618e-01  7.69203072e-01  7.75309023e-01  7.83345440e-01
   7.96848175e-01  7.96070083e-01  7.97825466e-01  7.99603945e-01
   7.94566935e-01  7.86277574e-01  7.80313079e-01  7.74191099e-01
   7.62711540e-01  7.40747420e-01  7.33202930e-01  7.15087566e-01
   6.92517680e-01  6.72881113e-01  6.47009149e-01  6.19844392e-01
   5.92090068e-01  5.68343038e-01  5.35840216e-01  5.02947211e-01
   4.70082899e-01  4.35927118e-01  4.02056248e-01  3.66060029e-01
   3.27146340e-01  2.87068417e-01  2.47060521e-01  2.08862042e-01
   1.66698442e-01  1.24575251e-01  8.35481465e-02  4.12128326e-02
  -1.92549984e-03]
 [-8.53700948e-03  3.65209031e-02  8.20328151e-02  1.27029246e-01
   1.71370474e-01  2.14372764e-01  2.57232557e-01  3.00051821e-01
   3.41099079e-01  3.82552114e-01  4.21834863e-01  4.58887388e-01
   4.93600093e-01  5.35376883e-01  5.68670412e-01  6.01239211e-01
   6.31473912e-01  6.60781047e-01  6.89657012e-01  7.12398318e-01
   7.40490267e-01  7.57430551e-01  7.80184126e-01  7.93503605e-01
   8.15697745e-01  8.25068973e-01  8.37640578e-01  8.46293706e-01
   8.48749738e-01  8.51779298e-01  8.57220027e-01  8.54100355e-01
   8.49858762e-01  8.43275839e-01  8.34257835e-01  8.25121438e-01
   8.08527973e-01  7.96384758e-01  7.84360961e-01  7.61064034e-01
   7.40147732e-01  7.14759643e-01  6.86618725e-01  6.65068248e-01
   6.33475203e-01  6.03699967e-01  5.71805396e-01  5.38627738e-01
   5.00028407e-01  4.60293579e-01  4.25692866e-01  3.83516523e-01
   3.45121712e-01  3.02812487e-01  2.60851287e-01  2.15060786e-01
   1.71827495e-01  1.28745707e-01  8.36699709e-02  3.90849663e-02
  -6.15531563e-03]
 [ 3.94994181e-04  4.73518750e-02  9.41293563e-02  1.43298639e-01
   1.87587190e-01  2.34472845e-01  2.80402324e-01  3.25341952e-01
   3.67696699e-01  4.12776354e-01  4.53825104e-01  4.93051124e-01
   5.36268844e-01  5.68827567e-01  6.05746089e-01  6.40928081e-01
   6.70947567e-01  7.06030317e-01  7.25151400e-01  7.59743459e-01
   7.75889508e-01  8.05084730e-01  8.27543842e-01  8.40259301e-01
   8.58232481e-01  8.76016586e-01  8.81277526e-01  8.91774902e-01
   8.99875494e-01  9.00678431e-01  9.02714336e-01  8.99587037e-01
   8.94709572e-01  8.88736341e-01  8.81439846e-01  8.69260059e-01
   8.58640807e-01  8.38783583e-01  8.18542410e-01  8.01305290e-01
   7.79928704e-01  7.54860490e-01  7.26008882e-01  6.98316881e-01
   6.63817161e-01  6.32490925e-01  5.98174075e-01  5.61162043e-01
   5.23559899e-01  4.84065187e-01  4.44520280e-01  3.99972421e-01
   3.58247101e-01  3.14824295e-01  2.69319589e-01  2.23611701e-01
   1.77699006e-01  1.29501541e-01  8.50732382e-02  3.52893527e-02
  -1.20659144e-02]
 [ 6.80636219e-03  5.73463009e-02  1.06452502e-01  1.55674930e-01
   2.02898425e-01  2.51975294e-01  2.99685147e-01  3.47121960e-01
   3.92322026e-01  4.36145308e-01  4.81458266e-01  5.19434164e-01
   5.61737065e-01  6.00872064e-01  6.41314226e-01  6.73945726e-01
   7.07287328e-01  7.42632050e-01  7.62683399e-01  7.95090862e-01
   8.22646949e-01  8.46419430e-01  8.63138765e-01  8.85591830e-01
   8.99708461e-01  9.10733912e-01  9.17920397e-01  9.33109054e-01
   9.41440796e-01  9.42773665e-01  9.40237665e-01  9.37615625e-01
   9.38073936e-01  9.28411707e-01  9.18947377e-01  9.04974594e-01
   8.88757045e-01  8.72906907e-01  8.56665970e-01  8.33539584e-01
   8.04815934e-01  7.83312146e-01  7.51971359e-01  7.21224220e-01
   6.91969355e-01  6.53334250e-01  6.14473779e-01  5.76661597e-01
   5.43421205e-01  5.00624164e-01  4.55524220e-01  4.13091559e-01
   3.68120198e-01  3.22725470e-01  2.77027624e-01  2.27752093e-01
   1.80632382e-01  1.30779194e-01  8.14356597e-02  3.26442639e-02
  -1.72204990e-02]
 [ 1.46324860e-02  6.55442691e-02  1.16251536e-01  1.67555525e-01
   2.16683829e-01  2.64153075e-01  3.15736263e-01  3.62970777e-01
   4.08681303e-01  4.55139044e-01  5.01268214e-01  5.36825933e-01
   5.81164419e-01  6.22334498e-01  6.60802121e-01  6.95008677e-01
   7.30997907e-01  7.66057150e-01  7.92971729e-01  8.26309018e-01
   8.49332742e-01  8.71785614e-01  8.91169851e-01  9.09230361e-01
   9.25537505e-01  9.42838313e-01  9.49027267e-01  9.62468408e-01
   9.67370570e-01  9.67986784e-01  9.65634724e-01  9.63267742e-01
   9.60946728e-01  9.50458285e-01  9.47697082e-01  9.33965899e-01
   9.12663221e-01  9.02646341e-01  8.77445429e-01  8.53232844e-01
   8.31956044e-01  8.04341272e-01  7.70575423e-01  7.41718136e-01
   7.03156480e-01  6.73995087e-01  6.33217164e-01  5.95434083e-01
   5.52786460e-01  5.11679956e-01  4.64829199e-01  4.24028160e-01
   3.75479495e-01  3.25713887e-01  2.81110711e-01  2.30737982e-01
   1.81451836e-01  1.30854880e-01  7.91083021e-02  3.03068025e-02
  -2.11828858e-02]
 [ 2.17255760e-02  7.30216909e-02  1.24887797e-01  1.76049732e-01
   2.27325820e-01  2.76403343e-01  3.24722069e-01  3.73808603e-01
   4.21976961e-01  4.68023804e-01  5.15037155e-01  5.59339554e-01
   5.98409339e-01  6.37447509e-01  6.77272450e-01  7.15216585e-01
   7.49458906e-01  7.77901690e-01  8.15889919e-01  8.44376613e-01
   8.67173903e-01  8.93252801e-01  9.06971915e-01  9.27702837e-01
   9.43093540e-01  9.61387045e-01  9.72224044e-01  9.76525761e-01
   9.84987792e-01  9.81579977e-01  9.85767845e-01  9.86172699e-01
   9.78838011e-01  9.71641431e-01  9.62819037e-01  9.46157526e-01
   9.29431463e-01  9.12171859e-01  8.89945827e-01  8.70090952e-01
   8.42749150e-01  8.09673892e-01  7.82348768e-01  7.52413877e-01
   7.18573178e-01  6.80483072e-01  6.40740884e-01  6.01267131e-01
   5.58331439e-01  5.17695326e-01  4.71366763e-01  4.24829108e-01
   3.76782955e-01  3.31797521e-01  2.82457543e-01  2.30265337e-01
   1.81320278e-01  1.30414509e-01  7.87155567e-02  2.60122057e-02
  -2.53624888e-02]
 [ 2.70870757e-02  7.95271781e-02  1.32070032e-01  1.82678211e-01
   2.33929695e-01  2.84030613e-01  3.34064983e-01  3.81316666e-01
   4.29949066e-01  4.75051826e-01  5.19327604e-01  5.65890043e-01
   6.06738667e-01  6.46767254e-01  6.87462706e-01  7.23961480e-01
   7.60378753e-01  7.92445575e-01  8.19531768e-01  8.48751557e-01
   8.78867427e-01  9.00661412e-01  9.20854952e-01  9.36443315e-01
   9.56314221e-01  9.70446316e-01  9.73943933e-01  9.88041832e-01
   9.90256488e-01  9.94474640e-01  9.93521692e-01  9.90826045e-01
   9.84193959e-01  9.79500966e-01  9.63912510e-01  9.48250657e-01
   9.34923959e-01  9.17560313e-01  8.94389273e-01  8.70772257e-01
   8.46271802e-01  8.17505087e-01  7.87897082e-01  7.55727567e-01
   7.15699141e-01  6.81283410e-01  6.42793060e-01  6.03549496e-01
   5.56750497e-01  5.16135296e-01  4.71979133e-01  4.27914653e-01
   3.78848496e-01  3.30135191e-01  2.79217604e-01  2.29999010e-01
   1.79832608e-01  1.28430176e-01  7.50443777e-02  2.44126667e-02
  -2.74828636e-02]
 [ 3.27165962e-02  8.45280637e-02  1.35097553e-01  1.86870161e-01
   2.38001647e-01  2.88026740e-01  3.36343845e-01  3.86520921e-01
   4.33278050e-01  4.79260821e-01  5.22213321e-01  5.67742736e-01
   6.10775392e-01  6.49851977e-01  6.85510336e-01  7.26710868e-01
   7.59078501e-01  7.88234504e-01  8.20589446e-01  8.51159483e-01
   8.71611541e-01  8.94183496e-01  9.17346294e-01  9.30208663e-01
   9.51732944e-01  9.63911831e-01  9.70349905e-01  9.87428520e-01
   9.88603812e-01  9.92673338e-01  9.92071816e-01  9.84373438e-01
   9.75899841e-01  9.69245319e-01  9.58833513e-01  9.47020081e-01
   9.32239932e-01  9.14183792e-01  8.91173670e-01  8.62774710e-01
   8.40390295e-01  8.10591652e-01  7.78602907e-01  7.48661930e-01
   7.14343949e-01  6.78941601e-01  6.37978714e-01  5.98998067e-01
   5.53591997e-01  5.11045519e-01  4.64995346e-01  4.21663732e-01
   3.74125269e-01  3.22066970e-01  2.75666075e-01  2.26139502e-01
   1.76419567e-01  1.25180824e-01  7.32922923e-02  2.25789197e-02
  -2.93975901e-02]
 [ 3.69364614e-02  8.81193772e-02  1.38667886e-01  1.89530692e-01
   2.38952401e-01  2.86702712e-01  3.36388512e-01  3.85240063e-01
   4.30300806e-01  4.76359527e-01  5.18267809e-01  5.62661870e-01
   6.01871419e-01  6.44131051e-01  6.79050688e-01  7.17077182e-01
   7.46141777e-01  7.81143731e-01  8.07253391e-01  8.33032039e-01
   8.59753097e-01  8.83820829e-01  9.06559712e-01  9.17844224e-01
   9.38244160e-01  9.48554470e-01  9.60805248e-01  9.69504049e-01
   9.73014748e-01  9.78793785e-01  9.72741954e-01  9.74124465e-01
   9.66932120e-01  9.57203075e-01  9.45988029e-01  9.30431954e-01
   9.15446150e-01  8.96469531e-01  8.74759781e-01  8.50650213e-01
   8.25125794e-01  7.96897430e-01  7.63303829e-01  7.33313165e-01
   7.01782171e-01  6.59723189e-01  6.22171893e-01  5.87642981e-01
   5.45480921e-01  4.99151989e-01  4.57057342e-01  4.13242014e-01
   3.66063718e-01  3.16732730e-01  2.70038732e-01  2.20766391e-01
   1.70758896e-01  1.21249090e-01  7.09397408e-02  2.14889528e-02
  -3.03909580e-02]
 [ 4.16889694e-02  9.09835827e-02  1.38497940e-01  1.88989470e-01
   2.36958333e-01  2.83883937e-01  3.32171775e-01  3.78395840e-01
   4.24153675e-01  4.66592435e-01  5.10492458e-01  5.51736299e-01
   5.89595716e-01  6.31373850e-01  6.65966870e-01  7.00250720e-01
   7.34721377e-01  7.62628781e-01  7.94674742e-01  8.21003007e-01
   8.37111873e-01  8.65281637e-01  8.82290132e-01  8.98050534e-01
   9.11945054e-01  9.29266963e-01  9.37145060e-01  9.40375966e-01
   9.49673630e-01  9.50254389e-01  9.49332792e-01  9.47106280e-01
   9.43001544e-01  9.30644740e-01  9.21354242e-01  9.07191569e-01
   8.89312441e-01  8.71230181e-01  8.49422798e-01  8.23022448e-01
   8.01484082e-01  7.77043658e-01  7.46194338e-01  7.10898906e-01
   6.79536964e-01  6.42796829e-01  6.09730387e-01  5.69931491e-01
   5.30332139e-01  4.88096753e-01  4.43934036e-01  3.99631160e-01
   3.54405530e-01  3.08119503e-01  2.61132295e-01  2.11351468e-01
   1.64426639e-01  1.17507187e-01  6.68350950e-02  1.75343134e-02
  -3.17131053e-02]
 [ 4.31417418e-02  9.14288866e-02  1.38926589e-01  1.85719322e-01
   2.32882445e-01  2.78632933e-01  3.24092499e-01  3.68720234e-01
   4.12367230e-01  4.52068138e-01  4.95231909e-01  5.34347436e-01
   5.71001724e-01  6.09156706e-01  6.44152762e-01  6.75574832e-01
   7.08936615e-01  7.38819982e-01  7.63520363e-01  7.90548381e-01
   8.12380933e-01  8.34394702e-01  8.51423703e-01  8.70167109e-01
   8.80571763e-01  8.95901140e-01  9.05632531e-01  9.11323026e-01
   9.12257912e-01  9.08841749e-01  9.12172405e-01  9.06354253e-01
   9.02560446e-01  8.91961035e-01  8.86591021e-01  8.73068084e-01
   8.55044657e-01  8.39914232e-01  8.18273808e-01  7.95261617e-01
   7.71108243e-01  7.46213056e-01  7.15733998e-01  6.85866175e-01
   6.47644589e-01  6.19312165e-01  5.83492661e-01  5.46728249e-01
   5.06180462e-01  4.67055058e-01  4.24596327e-01  3.84092195e-01
   3.39984508e-01  2.95107680e-01  2.49477810e-01  2.03864495e-01
   1.58427718e-01  1.10883481e-01  6.26363444e-02  1.56166135e-02
  -3.11577711e-02]
 [ 4.29342991e-02  8.91293521e-02  1.36178538e-01  1.79865722e-01
   2.25058824e-01  2.67841881e-01  3.11053152e-01  3.51802975e-01
   3.92876612e-01  4.34274295e-01  4.73075985e-01  5.08923312e-01
   5.48027457e-01  5.80025129e-01  6.14704311e-01  6.47429614e-01
   6.75919861e-01  7.04593279e-01  7.28900432e-01  7.54281775e-01
   7.73164969e-01  7.93929452e-01  8.12143894e-01  8.28005893e-01
   8.41522754e-01  8.48836743e-01  8.59851582e-01  8.62336239e-01
   8.68953510e-01  8.69107846e-01  8.66353530e-01  8.66707229e-01
   8.59797779e-01  8.49067003e-01  8.41892037e-01  8.28162063e-01
   8.13451885e-01  7.97659653e-01  7.75659286e-01  7.55025143e-01
   7.31489132e-01  7.07345477e-01  6.77362181e-01  6.45954970e-01
   6.20137539e-01  5.82135378e-01  5.52489259e-01  5.16814794e-01
   4.77993844e-01  4.41332090e-01  4.02733278e-01  3.58445528e-01
   3.22666905e-01  2.77893999e-01  2.35187497e-01  1.92729747e-01
   1.49227964e-01  1.04706389e-01  6.15155801e-02  1.72543708e-02
  -3.07038160e-02]
 [ 4.62812289e-02  8.86251222e-02  1.30638086e-01  1.73438334e-01
   2.14112000e-01  2.52438935e-01  2.94900556e-01  3.34109711e-01
   3.72194463e-01  4.10468009e-01  4.45985773e-01  4.80151586e-01
   5.16176976e-01  5.46131154e-01  5.79184917e-01  6.05875965e-01
   6.32080386e-01  6.60844139e-01  6.84269931e-01  7.05365068e-01
   7.26633572e-01  7.46533165e-01  7.60688233e-01  7.76213572e-01
   7.86104371e-01  7.94236558e-01  8.04720474e-01  8.06541953e-01
   8.11944619e-01  8.14436208e-01  8.12929247e-01  8.07423904e-01
   8.03697186e-01  7.97329934e-01  7.86441937e-01  7.72932040e-01
   7.54986071e-01  7.42208787e-01  7.25043546e-01  7.02504911e-01
   6.84974756e-01  6.60354511e-01  6.34462577e-01  6.05753770e-01
   5.77770472e-01  5.48838530e-01  5.16227439e-01  4.80287824e-01
   4.49729512e-01  4.12123289e-01  3.75215092e-01  3.36912153e-01
   2.99032783e-01  2.59780801e-01  2.20908110e-01  1.79923910e-01
   1.39506962e-01  9.66386931e-02  5.52381039e-02  1.51313743e-02
  -2.71821035e-02]
 [ 4.50284430e-02  8.33445052e-02  1.22763142e-01  1.60937375e-01
   1.99419765e-01  2.38116331e-01  2.73408519e-01  3.10410620e-01
   3.43730226e-01  3.80135686e-01  4.14114037e-01  4.43443854e-01
   4.76935492e-01  5.05227431e-01  5.34882203e-01  5.60209383e-01
   5.84174540e-01  6.10304669e-01  6.31032153e-01  6.51362041e-01
   6.70966162e-01  6.88871686e-01  7.02115115e-01  7.14404643e-01
   7.27234993e-01  7.33325655e-01  7.39886384e-01  7.47609863e-01
   7.44477053e-01  7.49706787e-01  7.46642945e-01  7.43548843e-01
   7.39959815e-01  7.29910486e-01  7.22935007e-01  7.12165579e-01
   6.99587615e-01  6.81698395e-01  6.68568521e-01  6.49859959e-01
   6.28364431e-01  6.07594278e-01  5.80520540e-01  5.59771668e-01
   5.30046913e-01  5.03059809e-01  4.73708360e-01  4.43496602e-01
   4.12574081e-01  3.79086855e-01  3.45018252e-01  3.11538799e-01
   2.74264150e-01  2.38986948e-01  2.03526096e-01  1.64506824e-01
   1.28027319e-01  8.89621517e-02  5.16569027e-02  1.14129499e-02
  -2.48097933e-02]
 [ 4.49046920e-02  8.20679879e-02  1.15312404e-01  1.50995095e-01
   1.83009782e-01  2.18903485e-01  2.51536743e-01  2.83682973e-01
   3.15889390e-01  3.45158400e-01  3.75353968e-01  4.04009857e-01
   4.33108546e-01  4.58266907e-01  4.85432855e-01  5.09746873e-01
   5.29822953e-01  5.53143269e-01  5.72456072e-01  5.91435508e-01
   6.08515848e-01  6.23671225e-01  6.30378966e-01  6.45156180e-01
   6.54356708e-01  6.64251246e-01  6.70110596e-01  6.75731154e-01
   6.75471553e-01  6.77619331e-01  6.75521479e-01  6.74474802e-01
   6.69641698e-01  6.61613532e-01  6.49035572e-01  6.39814082e-01
   6.32309621e-01  6.17324407e-01  6.02776597e-01  5.85011888e-01
   5.65924615e-01  5.48625505e-01  5.23735992e-01  5.01831097e-01
   4.76240760e-01  4.52438787e-01  4.27526428e-01  3.98857838e-01
   3.69392975e-01  3.39999937e-01  3.08850461e-01  2.77893419e-01
   2.48982668e-01  2.13913520e-01  1.81785678e-01  1.48887521e-01
   1.15444945e-01  8.19239780e-02  4.78158953e-02  1.10409984e-02
  -2.29626484e-02]
 [ 4.29724849e-02  7.30747645e-02  1.06007107e-01  1.35744766e-01
   1.66425737e-01  1.96516277e-01  2.26036550e-01  2.53175492e-01
   2.81108381e-01  3.09187627e-01  3.33276506e-01  3.59923933e-01
   3.83914842e-01  4.07452933e-01  4.27622289e-01  4.49724383e-01
   4.70574046e-01  4.89700060e-01  5.05609520e-01  5.23955839e-01
   5.39179985e-01  5.48204342e-01  5.63077165e-01  5.71276635e-01
   5.80268024e-01  5.86673523e-01  5.90422309e-01  5.93570691e-01
   5.95656637e-01  5.98501696e-01  5.95516004e-01  5.93717483e-01
   5.86582020e-01  5.82749645e-01  5.75652560e-01  5.65955230e-01
   5.55083324e-01  5.43459009e-01  5.29162176e-01  5.14936959e-01
   5.00669943e-01  4.79908950e-01  4.63287543e-01  4.41060146e-01
   4.21972945e-01  4.01272287e-01  3.76482981e-01  3.50013561e-01
   3.25980715e-01  2.99647707e-01  2.73074676e-01  2.48417105e-01
   2.18811019e-01  1.89853571e-01  1.62292588e-01  1.32252773e-01
   1.02531467e-01  7.21956913e-02  4.36301602e-02  1.03531854e-02
  -2.00187120e-02]
 [ 3.85696572e-02  6.67620526e-02  9.28750000e-02  1.17416428e-01
   1.45215231e-01  1.70935297e-01  1.94754716e-01  2.21604380e-01
   2.43815934e-01  2.66449892e-01  2.92931148e-01  3.11458402e-01
   3.31639365e-01  3.52144562e-01  3.72811212e-01  3.89229235e-01
   4.05726570e-01  4.21055646e-01  4.35513417e-01  4.50122378e-01
   4.61637164e-01  4.72064711e-01  4.80206602e-01  4.90518534e-01
   4.98773267e-01  5.02128218e-01  5.05444192e-01  5.09166565e-01
   5.10604309e-01  5.12982076e-01  5.10701250e-01  5.07846594e-01
   5.01575784e-01  4.96445040e-01  4.92416516e-01  4.82687796e-01
   4.75341601e-01  4.64991123e-01  4.51989163e-01  4.38481825e-01
   4.25669091e-01  4.11520777e-01  3.94094671e-01  3.78210377e-01
   3.57146119e-01  3.39034518e-01  3.22328002e-01  2.99512756e-01
   2.77923790e-01  2.54880658e-01  2.33376700e-01  2.10396450e-01
   1.86806078e-01  1.65573660e-01  1.36450229e-01  1.13013987e-01
   8.92322528e-02  6.11019282e-02  3.72937807e-02  1.10285776e-02
  -1.35881295e-02]
 [ 3.67745323e-02  6.07454548e-02  7.91990960e-02  9.99781661e-02
   1.21435702e-01  1.42542694e-01  1.62782971e-01  1.82136244e-01
   2.03387506e-01  2.21078575e-01  2.41173656e-01  2.56659195e-01
   2.76772008e-01  2.89870672e-01  3.07635799e-01  3.21882417e-01
   3.33888922e-01  3.47228549e-01  3.56261627e-01  3.71285680e-01
   3.78162221e-01  3.87489893e-01  3.95129366e-01  3.99475823e-01
   4.09161708e-01  4.10069869e-01  4.13479346e-01  4.18772217e-01
   4.19749935e-01  4.19024905e-01  4.18850729e-01  4.15472264e-01
   4.13894589e-01  4.10005988e-01  4.00920308e-01  3.96148131e-01
   3.89689001e-01  3.78551823e-01  3.70541634e-01  3.61353062e-01
   3.48185790e-01  3.35168933e-01  3.22610079e-01  3.10492655e-01
   2.94533010e-01  2.77963798e-01  2.62371749e-01  2.46976582e-01
   2.28875328e-01  2.11368212e-01  1.91038297e-01  1.75104320e-01
   1.54444567e-01  1.36219088e-01  1.16503903e-01  9.59015308e-02
   7.56864628e-02  5.22097570e-02  3.27929285e-02  1.01930277e-02
  -7.87355722e-03]
 [ 3.41589005e-02  5.32859320e-02  6.65491561e-02  8.41408160e-02
   9.74618870e-02  1.14219149e-01  1.29957972e-01  1.43904961e-01
   1.59639828e-01  1.74018812e-01  1.89645278e-01  2.02203539e-01
   2.14845910e-01  2.27518989e-01  2.39857118e-01  2.48851024e-01
   2.59191626e-01  2.70431621e-01  2.79136432e-01  2.84798632e-01
   2.94810929e-01  3.00991076e-01  3.06280081e-01  3.13034935e-01
   3.16723678e-01  3.16751183e-01  3.20766497e-01  3.24873301e-01
   3.23047949e-01  3.25350536e-01  3.18784400e-01  3.19963104e-01
   3.17248104e-01  3.13716022e-01  3.07551634e-01  3.03665435e-01
   2.95845797e-01  2.91783389e-01  2.84060189e-01  2.78568486e-01
   2.70925016e-01  2.59140777e-01  2.50266852e-01  2.37766953e-01
   2.28022080e-01  2.15144041e-01  2.02633550e-01  1.92208757e-01
   1.75883046e-01  1.63515071e-01  1.48762434e-01  1.34255673e-01
   1.19030755e-01  1.05900896e-01  9.14296537e-02  7.44948014e-02
   5.92383871e-02  4.23371508e-02  3.18435550e-02  1.13955719e-02
  -1.27327894e-03]
 [ 2.64467435e-02  4.06772879e-02  5.28301965e-02  6.08670958e-02
   7.50245708e-02  8.29052679e-02  9.65013096e-02  1.02304104e-01
   1.18989967e-01  1.22905768e-01  1.33838031e-01  1.43242776e-01
   1.50584938e-01  1.61635740e-01  1.70223018e-01  1.74776923e-01
   1.84152699e-01  1.88324322e-01  1.93887091e-01  2.00404964e-01
   2.06050800e-01  2.09562328e-01  2.12303582e-01  2.16419612e-01
   2.15982544e-01  2.20653724e-01  2.22554419e-01  2.19694230e-01
   2.24334506e-01  2.22303764e-01  2.21326910e-01  2.19713644e-01
   2.20151889e-01  2.15819643e-01  2.13203890e-01  2.09225825e-01
   2.03956850e-01  2.00857768e-01  1.96205868e-01  1.89875237e-01
   1.84751919e-01  1.77746975e-01  1.69915087e-01  1.65304083e-01
   1.56266908e-01  1.45588760e-01  1.43201152e-01  1.31716856e-01
   1.23645919e-01  1.13436256e-01  1.03910693e-01  9.32861453e-02
   8.36995235e-02  7.37683934e-02  6.40431314e-02  5.44587599e-02
   4.41143445e-02  3.28251792e-02  2.74856994e-02  1.09474467e-02
   4.11428557e-03]
 [ 2.40620586e-02  2.68310392e-02  3.76506453e-02  4.13312703e-02
   4.51711575e-02  5.00100621e-02  5.80775435e-02  6.23932396e-02
   6.67182775e-02  7.28194819e-02  7.76946878e-02  8.06450630e-02
   8.79384480e-02  9.21804849e-02  9.77712722e-02  9.81504846e-02
   1.05230167e-01  1.05182228e-01  1.09255582e-01  1.09761014e-01
   1.14455531e-01  1.15555042e-01  1.16097072e-01  1.17407397e-01
   1.18193166e-01  1.19641656e-01  1.21468388e-01  1.20923761e-01
   1.20033866e-01  1.22722165e-01  1.20144473e-01  1.21615749e-01
   1.19907846e-01  1.16847023e-01  1.16666705e-01  1.12998647e-01
   1.08569884e-01  1.06769746e-01  1.04192878e-01  9.96267452e-02
   9.72209609e-02  9.11594972e-02  9.33116856e-02  8.94476203e-02
   8.65405615e-02  7.96664495e-02  7.75650750e-02  7.14396183e-02
   6.86651507e-02  6.43648079e-02  5.79689779e-02  5.14782535e-02
   4.70537901e-02  4.64279014e-02  3.96899878e-02  3.18907779e-02
   2.77214489e-02  2.38751091e-02  1.78896101e-02  1.26592495e-02
   1.18483956e-02]
 [ 1.55631680e-02  1.68881396e-02  2.04830651e-02  2.00154459e-02
   2.08666730e-02  2.23104472e-02  1.79573298e-02  1.96693000e-02
   1.88466989e-02  2.20427864e-02  1.97790900e-02  2.07059666e-02
   2.19018076e-02  2.43521045e-02  2.26000730e-02  2.22348527e-02
   2.21338709e-02  2.13602345e-02  2.47003426e-02  2.56324586e-02
   2.17589639e-02  2.02010932e-02  1.88823158e-02  2.22937794e-02
   1.79981839e-02  1.95300375e-02  1.99172621e-02  1.86041504e-02
   1.90706808e-02  1.72885177e-02  1.50275934e-02  1.55563110e-02
   1.52209181e-02  1.25679970e-02  1.30815269e-02  1.35483096e-02
   1.50626970e-02  1.46986542e-02  1.23314380e-02  1.10961955e-02
   1.17697142e-02  1.15112646e-02  1.24888924e-02  1.13363455e-02
   1.26532289e-02  1.20692105e-02  1.01640361e-02  1.10722988e-02
   1.24715969e-02  1.14106616e-02  1.13103775e-02  1.39480423e-02
   1.32133971e-02  1.33268695e-02  1.08944923e-02  1.29836651e-02
   1.36484085e-02  1.58032264e-02  1.25593788e-02  1.58947687e-02
   1.43483670e-02]]
minima = -0.9941126548269872
coord = [16, 28]
