For betaplot:
beta_vec = [0.         0.05235988 0.10471976 0.15707963 0.20943951 0.26179939
 0.31415927 0.36651914 0.41887902 0.4712389  0.52359878 0.57595865
 0.62831853 0.68067841 0.73303829 0.78539816 0.83775804 0.89011792
 0.9424778  0.99483767 1.04719755 1.09955743 1.15191731 1.20427718
 1.25663706 1.30899694 1.36135682 1.41371669 1.46607657 1.51843645
 1.57079633 1.6231562  1.67551608 1.72787596 1.78023584 1.83259571
 1.88495559 1.93731547 1.98967535 2.04203522 2.0943951  2.14675498
 2.19911486 2.25147474 2.30383461 2.35619449 2.40855437 2.46091425
 2.51327412 2.565634   2.61799388 2.67035376 2.72271363 2.77507351
 2.82743339 2.87979327 2.93215314 2.98451302 3.0368729  3.08923278
 3.14159265]
cost_vec = [-0.10204022538880861, -0.07754055479766887, -0.04558322007549086, -0.007785045186789874, 0.02033401642064526, 0.04592195122043756, 0.06604586289487026, 0.08683137049929848, 0.0864700615175174, 0.08219339784795966, 0.06771363665042633, 0.04682926973671353, 0.01441907821141673, -0.02349339717418521, -0.06965522706005361, -0.11639467270354055, -0.16612483587345353, -0.21497113357407277, -0.2640427097477218, -0.3054469290715517, -0.34053921422558675, -0.36739101670724067, -0.3813353769914631, -0.38866507523154653, -0.3820832800913274, -0.358944651790249, -0.32663891627690994, -0.2816766415244248, -0.2281095033122609, -0.16566492694343032, -0.09451979502963676, -0.021695740439357302, 0.05447693909941667, 0.12830805271362608, 0.19910066080498764, 0.26259176182019883, 0.3176129127363761, 0.36397856684768787, 0.40437852812874464, 0.42488315922062875, 0.43443207894106695, 0.42816445340519826, 0.41022453218301813, 0.38312751941211887, 0.343185924154957, 0.2922974083021307, 0.24135614317947932, 0.18434352071908294, 0.12385945499618367, 0.06218795912285129, 0.004146768371843238, -0.04299150791784497, -0.08708807829430225, -0.12148951645949659, -0.152415848113337, -0.166647447399635, -0.1685259222546961, -0.1652721757973378, -0.15648177978673455, -0.13190288488218704, -0.10666153161857829]
zz = [0.24557472379207407, 0.2583616783597311, 0.2740186437839583, 0.2892124019548551, 0.2998106168383422, 0.3085669317727262, 0.3150713156011616, 0.3219091107214067, 0.31669111589345744, 0.31011526908029974, 0.29725253352433856, 0.28157088398062785, 0.25932406602751823, 0.23476843591335905, 0.20648357583063046, 0.1770003070748553, 0.14599457279775638, 0.11695617024883706, 0.08640944537524313, 0.06084552240632833, 0.03817382771916643, 0.02082011834862113, 0.009753767076552174, 0.001936110316446612, 0.0026203997235165026, 0.010819139071376514, 0.024691287571376022, 0.04560222789064762, 0.07220293363367455, 0.10296135239864432, 0.13924786277473616, 0.1757057646390017, 0.21567445979698638, 0.25441606488441315, 0.2927857033874375, 0.3281370735538683, 0.35901593201813636, 0.3868900267893468, 0.41179795301407185, 0.42642358875590425, 0.4370455401714412, 0.4389115886696624, 0.4367090469681734, 0.4292008665053559, 0.4149436264209927, 0.396451311872057, 0.37651454180079863, 0.3545297555606366, 0.32887082106991045, 0.3039145229605017, 0.2798769181095274, 0.2618788786706314, 0.24424959213833064, 0.23130694939344892, 0.21844307213771852, 0.21456206683542434, 0.21482915291553614, 0.2188880949120241, 0.2246826826998595, 0.23705052976378882, 0.24898870316646426]
zo = [0.2596889598789978, 0.22048261422472543, 0.18225273759418797, 0.1478625166323618, 0.11052194413179048, 0.07873014806725707, 0.05024440119503879, 0.033719220159728364, 0.013646809735271312, 0.004725461379910818, 0.0024825746648213776, 0.008355236415686366, 0.01746310903541656, 0.03625040225567737, 0.05801602658178366, 0.08487428067941918, 0.11590899319270974, 0.14901932465963444, 0.18263962471148582, 0.2157016996221435, 0.24850990012310625, 0.27711613152497383, 0.3034241537199614, 0.32397539487435945, 0.3403616639348849, 0.3537654611503535, 0.3593199324017738, 0.3592161221956235, 0.3551523116384351, 0.34540039274996454, 0.3338306187924953, 0.31904379541125366, 0.3033699229861723, 0.2865093291453132, 0.27041882384931126, 0.255456246258108, 0.24327662278094203, 0.23534210302600272, 0.23055128298779923, 0.23119950868862957, 0.23427096060426747, 0.24164006053497059, 0.25415973754202836, 0.2697344409373519, 0.2888354849020115, 0.3071207684498122, 0.3297553889382153, 0.35053120346950734, 0.3714402250938361, 0.38800881579075885, 0.40059401988446247, 0.41078782603289915, 0.4149743715916635, 0.4138920659471479, 0.40798265438399983, 0.3936438678587925, 0.375659362690013, 0.3512926797959864, 0.3213973459154698, 0.28833852867484916, 0.25236637798710615]
oz = [0.34761322263501643, 0.3309856760111409, 0.3107635637625781, 0.29211397948241663, 0.27879727341998195, 0.26263437506398507, 0.24893391420236313, 0.23507746420593098, 0.23021099211547608, 0.22792612352899508, 0.2295375432671031, 0.23473619816957017, 0.2449076956714764, 0.25825321954243613, 0.2761356740636992, 0.29339299029105653, 0.3121147102766297, 0.33196417328392575, 0.35044906945150783, 0.36628885453205356, 0.3788192017254576, 0.38822052036196214, 0.39121750040528014, 0.3905987123873495, 0.38470163746109354, 0.3697618309167736, 0.35132896514788187, 0.32727968661476337, 0.3003160132542641, 0.2686263057468684, 0.23376865877826877, 0.19742698444208304, 0.1612171429339614, 0.12610995890916152, 0.09368717284924143, 0.06569002155645956, 0.04140615628682893, 0.0229143355759903, 0.007422794846328858, 0.0015401076979923577, 0.002618532827659336, 0.010797770893477367, 0.02649216846750459, 0.04607697913267988, 0.0717619438752046, 0.10415705519114965, 0.13516325486693276, 0.1701896637533753, 0.20501097046132083, 0.2416798401196346, 0.27573180587643126, 0.3048669694374161, 0.331329544002887, 0.3528004415713172, 0.3708571248378721, 0.38120948613312244, 0.38335567273558374, 0.3841598180581809, 0.381163922426663, 0.36879984865451243, 0.3555046821799328]
oo = [0.14711739217027958, 0.18596083045915732, 0.22397643003186157, 0.26428261420793786, 0.30918989163451877, 0.35002317223430757, 0.3855720333969322, 0.4092051530520101, 0.4394450709025137, 0.457195133037416, 0.47070834338370865, 0.475329274797635, 0.47828995987920186, 0.4707009730588369, 0.45935618057316857, 0.4447239612489531, 0.42597745307777884, 0.4018533586452986, 0.38049456954615707, 0.3571582179324338, 0.33426745270594893, 0.3138167329156884, 0.29539952493843424, 0.28348338917199395, 0.27231170434222596, 0.26564685890398576, 0.26465448529524666, 0.2678948328197696, 0.2723180396074749, 0.283007143025539, 0.2931463776837246, 0.30779270765720723, 0.31971453180955484, 0.3329583802599095, 0.3431029508964428, 0.35054478194779737, 0.3562951025242968, 0.35484825828346556, 0.35022208296667406, 0.3408231448238312, 0.3260562808805444, 0.3085249683267031, 0.2826207930279883, 0.2549821682748064, 0.2244497088757737, 0.19223290377888483, 0.1585575967914639, 0.12474376294934111, 0.09466132815651895, 0.06627171281773377, 0.043790068745852735, 0.022450880531132717, 0.00942578036031213, 0.001991862695701966, 0.002708154228879696, 0.010578194659461172, 0.026149311213630524, 0.04565372254418165, 0.07275047629727448, 0.1056523042417287, 0.14299071490074294]
minima = -0.38866507523154653
coord = [23, 16]
