For contourf:
gamma_vec = [0.         0.08055366 0.16110732 0.24166097 0.32221463 0.40276829
 0.48332195 0.5638756  0.64442926 0.72498292 0.80553658 0.88609024
 0.96664389 1.04719755 1.12775121 1.20830487 1.28885852 1.36941218
 1.44996584 1.5305195  1.61107316 1.69162681 1.77218047 1.85273413
 1.93328779 2.01384144 2.0943951  2.17494876 2.25550242 2.33605608
 2.41660973 2.49716339 2.57771705 2.65827071 2.73882436 2.81937802
 2.89993168 2.98048534 3.061039   3.14159265]
beta_vec = [0.         0.08055366 0.16110732 0.24166097 0.32221463 0.40276829
 0.48332195 0.5638756  0.64442926 0.72498292 0.80553658 0.88609024
 0.96664389 1.04719755 1.12775121 1.20830487 1.28885852 1.36941218
 1.44996584 1.5305195  1.61107316 1.69162681 1.77218047 1.85273413
 1.93328779 2.01384144 2.0943951  2.17494876 2.25550242 2.33605608
 2.41660973 2.49716339 2.57771705 2.65827071 2.73882436 2.81937802
 2.89993168 2.98048534 3.061039   3.14159265]
exp_mat = [[ 6.16756209e-03  6.16756209e-03  6.16756209e-03  6.16756209e-03
   6.16756209e-03  6.16756209e-03  6.16756209e-03  6.16756209e-03
   6.16756209e-03  6.16756209e-03  6.16756209e-03  6.16756209e-03
   6.16756209e-03  6.16756209e-03  6.16756209e-03  6.16756209e-03
   6.16756209e-03  6.16756209e-03  6.16756209e-03  6.16756209e-03
   6.16756209e-03  6.16756209e-03  6.16756209e-03  6.16756209e-03
   6.16756209e-03  6.16756209e-03  6.16756209e-03  6.16756209e-03
   6.16756209e-03  6.16756209e-03  6.16756209e-03  6.16756209e-03
   6.16756209e-03  6.16756209e-03  6.16756209e-03  6.16756209e-03
   6.16756209e-03  6.16756209e-03  6.16756209e-03  6.16756209e-03]
 [-7.84765512e-03 -3.35531585e-02 -5.84460779e-02 -8.18816739e-02
  -1.03252933e-01 -1.22006288e-01 -1.37655957e-01 -1.49796498e-01
  -1.58113367e-01 -1.62391021e-01 -1.62518506e-01 -1.58492349e-01
  -1.50416642e-01 -1.38500344e-01 -1.23051864e-01 -1.04471086e-01
  -8.32390326e-02 -5.99053270e-02 -3.50740754e-02 -9.38814049e-03
   1.64874819e-02  4.18828798e-02  6.61406291e-02  8.86326597e-02
   1.08776718e-01  1.26051332e-01  1.40009272e-01  1.50289423e-01
   1.56625666e-01  1.58854112e-01  1.56917261e-01  1.50865452e-01
   1.40855558e-01  1.27147042e-01  1.10095056e-01  9.01413517e-02
   6.78028154e-02  4.36580808e-02  1.83325431e-02 -7.51784111e-03]
 [-1.29753046e-02 -6.35951011e-02 -1.12599355e-01 -1.58718596e-01
  -2.00758076e-01 -2.37628718e-01 -2.68375325e-01 -2.92201321e-01
  -3.08489384e-01 -3.16817475e-01 -3.16969656e-01 -3.08941813e-01
  -2.92941771e-01 -2.69383812e-01 -2.38877913e-01 -2.02214136e-01
  -1.60341992e-01 -1.14345955e-01 -6.54172664e-02 -1.48232023e-02
   3.61258814e-02  8.61103682e-02  1.33835618e-01  1.78065496e-01
   2.17654373e-01  2.51576808e-01  2.78954067e-01  2.99076984e-01
   3.11424156e-01  3.15675614e-01  3.11721113e-01  2.99662687e-01
   2.79812457e-01  2.52684248e-01  2.18980386e-01  1.79573466e-01
   1.35483822e-01  8.78530460e-02  3.79144239e-02 -1.30388972e-02]
 [-1.54567740e-02 -8.95196816e-02 -1.61135007e-01 -2.28447964e-01
  -2.89715175e-01 -3.43349849e-01 -3.87963148e-01 -4.22398626e-01
  -4.45765788e-01 -4.57458359e-01 -4.57173931e-01 -4.44919794e-01
  -4.21013086e-01 -3.86073802e-01 -3.41006595e-01 -2.86978711e-01
  -2.25389594e-01 -1.57834375e-01 -8.60629343e-02 -1.19338998e-02
   6.26326439e-02  1.35705350e-01  2.05391850e-01  2.69887295e-01
   3.27521352e-01  3.76801399e-01  4.16451188e-01  4.45443893e-01
   4.63028660e-01  4.68750095e-01  4.62460078e-01  4.44321549e-01
   4.14804254e-01  3.74672636e-01  3.24966107e-01  2.66971975e-01
   2.02192408e-01  1.32304781e-01  5.91193319e-02 -1.54684440e-02]
 [-2.37692929e-02 -1.19531799e-01 -2.12073498e-01 -2.98997400e-01
  -3.78052205e-01 -4.47190265e-01 -5.04620413e-01 -5.48855814e-01
  -5.78750768e-01 -5.93530109e-01 -5.92811434e-01 -5.76613298e-01
  -5.45355529e-01 -4.99847279e-01 -4.41268374e-01 -3.71135028e-01
  -2.91264422e-01 -2.03725240e-01 -1.10784765e-01 -1.48504632e-02
  -7.18724694e-02  1.76048209e-01  2.66068096e-01  3.49321804e-01
   8.01011324e-01  4.87136787e-01  5.38128921e-01  5.75309376e-01
   5.97713867e-01  6.04763532e-01  5.96275789e-01  5.72469453e-01
   5.33961465e-01  4.81749021e-01  4.17184224e-01  3.41939091e-01
   2.57962064e-01  1.67428540e-01  7.26825759e-02 -2.38218277e-02]
 [-3.20366293e-02 -1.46980285e-01 -2.58005819e-01 -3.62237588e-01
  -4.56975820e-01 -5.39766617e-01 -6.08465445e-01 -6.61292817e-01
  -6.96879803e-01 -7.14306032e-01 -7.13118627e-01 -6.93348362e-01
  -6.55508824e-01 -6.00578762e-01 -5.29981562e-01 -4.45545640e-01
  -3.49458980e-01 -2.44209567e-01 -1.32523820e-01 -1.72944690e-02
   9.84939958e-02  2.11842648e-01  3.19816117e-01  4.19618356e-01
   5.08664290e-01  5.84648171e-01  6.45602312e-01  6.89948382e-01
   7.16537897e-01  7.24682331e-01  7.14170934e-01  6.85275375e-01
   6.38745298e-01  5.75784185e-01  4.98022648e-01  4.07475352e-01
   3.06486194e-01  1.97670716e-01  8.38473197e-02 -3.20363162e-02]
 [-4.06479944e-02 -1.71780545e-01 -2.98373294e-01 -4.17147299e-01
  -5.25025675e-01 -6.19214995e-01 -6.97274403e-01 -7.57182161e-01
  -7.97386230e-01 -8.16845174e-01 -8.15054836e-01 -7.92061660e-01
  -7.48461266e-01 -6.85383240e-01 -6.04461170e-01 -5.07792551e-01
  -3.97880339e-01 -2.77571983e-01 -1.49983782e-01 -1.84204606e-02
   1.13710464e-01  2.42986737e-01  3.66060815e-01  4.79744951e-01
   5.81095320e-01  6.67487356e-01  7.36683625e-01  7.86893160e-01
   8.16815456e-01  8.25676247e-01  8.13245034e-01  7.79844226e-01
   7.26338629e-01  6.54113712e-01  5.65039636e-01  4.61422898e-01
   3.45946709e-01  2.21601438e-01  9.16072751e-02 -4.06691717e-02]
 [-4.91095032e-02 -1.93016299e-01 -3.31855621e-01 -4.62031305e-01
  -5.80171098e-01 -6.83214963e-01 -7.68493360e-01 -8.33796983e-01
  -8.77434198e-01 -8.98274017e-01 -8.95776940e-01 -8.70007498e-01
  -8.21633345e-01 -7.51907734e-01 -6.62637057e-01 -5.56134038e-01
  -4.35157631e-01 -3.02841638e-01 -1.62613526e-01 -1.81053979e-02
   1.26939893e-01  2.68765831e-01  4.03699415e-01  5.28246485e-01
   6.39181722e-01  7.33632405e-01  8.09153905e-01  8.63789749e-01
   8.96125673e-01  9.05324532e-01  8.91148146e-01  8.53963541e-01
   7.94733451e-01  7.14991488e-01  6.16802327e-01  5.02708365e-01
   3.75663956e-01  2.38958971e-01  9.61335579e-02 -4.91133914e-02]
 [-5.72568411e-02 -2.10198828e-01 -3.57652997e-01 -4.95799876e-01
  -6.21060879e-01 -7.30191030e-01 -8.20363076e-01 -8.89240757e-01
  -9.35039610e-01 -9.56572924e-01 -9.53282742e-01 -9.25254332e-01
  -8.73213930e-01 -7.98509911e-01 -7.03077750e-01 -5.89389870e-01
  -4.60391624e-01 -3.19424782e-01 -1.70140918e-01 -1.64068593e-02
   1.37795604e-01  2.88472777e-01  4.31722589e-01  5.63835490e-01
   6.81390544e-01  7.81343998e-01  8.61107968e-01  9.18617268e-01
   9.52383072e-01  9.61531199e-01  9.45824880e-01  9.05670660e-01
   8.42108114e-01  7.56782912e-01  6.51904091e-01  5.30187146e-01
   3.94783651e-01  2.49199795e-01  9.72055717e-02 -5.72627426e-02]
 [-6.48912233e-02 -2.22892487e-01 -3.75102940e-01 -5.17579825e-01
  -6.46632306e-01 -7.58916894e-01 -8.51524508e-01 -9.22055622e-01
  -9.68682743e-01 -9.90197611e-01 -9.86042748e-01 -9.56325758e-01
  -9.01816774e-01 -8.23928094e-01 -7.24677968e-01 -6.06637895e-01
  -4.72866123e-01 -3.26828182e-01 -1.72307225e-01 -1.33057485e-02
   1.46057954e-01  3.01656594e-01  4.49460677e-01  5.85642852e-01
   7.06677012e-01  8.09429447e-01  8.91239967e-01  9.49990604e-01
   9.84160478e-01  9.92865058e-01  9.75879000e-01  9.33642023e-01
   8.67247504e-01  7.78414271e-01  6.69442068e-01  5.43152164e-01
   4.02814410e-01  2.52062591e-01  9.48004352e-02 -6.48994197e-02]
 [-7.18259255e-02 -2.30780933e-01 -3.83767183e-01 -5.26821723e-01
  -6.56238554e-01 -7.68664647e-01 -8.61187023e-01 -9.31408304e-01
  -9.77508774e-01 -9.98293783e-01 -9.93224703e-01 -9.62432903e-01
  -9.06716219e-01 -8.27518593e-01 -7.26892158e-01 -6.07444319e-01
  -4.72269925e-01 -3.24871048e-01 -1.69066053e-01 -8.89091761e-03
   1.51505717e-01  3.07969817e-01  4.56449566e-01  5.93100275e-01
   7.14383873e-01  8.17160359e-01  8.98769092e-01  9.57097492e-01
   9.90635743e-01  9.98515729e-01  9.80533500e-01  9.37154513e-01
   8.69501694e-01  7.79326266e-01  6.68962556e-01  5.41267803e-01
   3.99547984e-01  2.47472577e-01  8.89794902e-02 -7.18268016e-02]
 [-7.79045681e-02 -2.33682502e-01 -3.83442561e-01 -5.23305272e-01
  -6.49647126e-01 -7.59194740e-01 -8.49109393e-01 -9.17061138e-01
  -9.61289070e-01 -9.80646879e-01 -9.74632883e-01 -9.43402933e-01
  -8.87766369e-01 -8.09164990e-01 -7.09635739e-01 -5.91757711e-01
  -4.58585152e-01 -3.13568479e-01 -1.60464500e-01 -3.23919830e-03
   1.54035133e-01  3.07285351e-01  4.52542948e-01  5.86046784e-01
   7.04340417e-01  8.04361357e-01  8.83520514e-01  9.39768849e-01
   9.71650456e-01  9.78340187e-01  9.59664920e-01  9.16108008e-01
   8.48796860e-01  7.59473761e-01  6.50450903e-01  5.24550542e-01
   3.85032126e-01  2.35507975e-01  7.98498637e-02 -7.79112116e-02]
 [-8.29909137e-02 -2.31542808e-01 -3.74157324e-01 -5.07140005e-01
  -6.27045438e-01 -7.30766861e-01 -8.15616443e-01 -8.79395369e-01
  -9.20450648e-01 -9.37718217e-01 -9.30750502e-01 -8.99728048e-01
  -8.45454915e-01 -7.69337627e-01 -6.73348857e-01 -5.59976041e-01
  -4.32156891e-01 -2.93203126e-01 -1.46714638e-01  3.51394119e-03
   1.53591535e-01  2.99631404e-01  4.37851870e-01  5.64674096e-01
   6.76814731e-01  7.71370781e-01  8.45894721e-01  8.98457654e-01
   9.27699147e-01  9.32862452e-01  9.13813955e-01  8.71046658e-01
   8.05667519e-01  7.18115049e-01  6.14383900e-01  4.93430848e-01
   3.59640769e-01  2.16477567e-01  6.76482470e-02 -8.29930514e-02]
 [-8.69705671e-02 -2.24434358e-01 -3.56168251e-01 -4.78759554e-01
  -5.89032040e-01 -6.84128330e-01 -7.61584078e-01 -8.19391893e-01
  -8.56053364e-01 -8.70618629e-01 -8.62709715e-01 -8.32531688e-01
  -7.80866769e-01 -7.09053982e-01 -6.18954453e-01 -5.12903115e-01
  -3.93648056e-01 -2.64279204e-01 -1.28148166e-01  1.12186947e-02
   1.50211618e-01  2.85231005e-01  4.12780587e-01  5.29557924e-01
   6.32539848e-01  7.19060529e-01  7.86880586e-01  8.34244683e-01
   8.59927069e-01  8.63263174e-01  8.44166568e-01  8.03131619e-01
   7.41220287e-01  6.60034945e-01  5.61676896e-01  4.48692185e-01
   3.24005675e-01  1.90845530e-01  5.26596572e-02 -8.69734232e-02]
 [-8.97620726e-02 -2.12562070e-01 -3.29960710e-01 -4.38916582e-01
  -5.36606671e-01 -6.20499546e-01 -6.88421108e-01 -7.38611011e-01
  -7.69768284e-01 -6.28904282e-01  7.64414065e-01 -7.43547019e-01
  -6.95664579e-01 -6.29862500e-01 -5.47846149e-01 -4.51741067e-01
  -3.44037637e-01 -2.27526560e-01 -1.05226301e-01  1.96950020e-02
   1.44001778e-01  2.64474791e-01  3.77994499e-01  4.81621792e-01
   5.72673989e-01  6.48794240e-01  7.08012352e-01  7.48795745e-01
   7.70089027e-01  7.71341208e-01  7.52519888e-01  7.14112234e-01
   6.57112154e-01  5.81263262e-01  4.93678860e-01  3.91475877e-01
   2.79031678e-01  1.59257418e-01  3.52544304e-02 -8.97660685e-02]
 [-9.13119639e-02 -1.96251784e-01 -2.96230888e-01 -3.88659137e-01
  -4.71141621e-01 -5.41540987e-01 -5.98032726e-01 -6.39152704e-01
  -6.63834897e-01 -6.71439634e-01 -6.61769682e-01 -6.35075577e-01
  -5.92049270e-01 -5.33805946e-01 -4.61855118e-01 -3.78061473e-01
  -2.84596335e-01 -1.83881552e-01 -7.85262955e-02  2.87402576e-02
   1.35139808e-01  2.37916926e-01  3.34410338e-01  4.22121823e-01
   4.98780807e-01  5.62402990e-01  6.11341788e-01  6.44330704e-01
   6.60516110e-01  6.59479135e-01  6.41246747e-01  6.06290810e-01
   5.55515893e-01  4.90236205e-01  4.12141234e-01  3.23252460e-01
   2.25870943e-01  1.22517837e-01  1.58692735e-02 -9.13129091e-02]
 [-9.15948272e-02 -1.75939842e-01 -2.55865087e-01 -3.29299894e-01
  -3.94341513e-01 -4.49304414e-01 -4.92764121e-01 -5.23594209e-01
  -5.40995467e-01 -5.44516812e-01 -5.34066852e-01 -5.09916379e-01
  -4.72691370e-01 -4.23356673e-01 -3.63190878e-01 -2.93753162e-01
  -2.16842976e-01 -1.34453053e-01 -4.87178751e-02  3.81416546e-02
   1.23875868e-01  2.06264518e-01  2.83174324e-01  3.52614083e-01
   4.12786282e-01  4.62133452e-01  4.99378447e-01  5.23557459e-01
   5.34044837e-01  5.30569198e-01  5.13220637e-01  4.82448100e-01
   4.39048025e-01  3.84143613e-01  3.19155899e-01  2.45767141e-01
   1.65877070e-01  8.15541001e-02 -5.01837016e-03 -9.15984072e-02]
 [-9.06215530e-02 -1.52169900e-01 -2.09925389e-01 -2.62391676e-01
  -3.08209253e-01 -3.46190785e-01 -3.75351852e-01 -3.94936574e-01
  -4.04437313e-01 -4.03607592e-01 -3.92468904e-01 -3.71309894e-01
  -3.40678923e-01 -3.01369939e-01 -2.54401605e-01 -2.00991146e-01
  -1.42522488e-01 -8.05105954e-02 -1.65619736e-02  4.76669364e-02
   1.10512609e-01  1.70347599e-01  2.25622660e-01  2.74906684e-01
   3.16924022e-01  3.50587168e-01  3.75024824e-01  3.89604721e-01
   3.93949588e-01  3.87947131e-01  3.71752682e-01  3.45785469e-01
   3.10717495e-01  2.67456427e-01  2.17122024e-01  1.61017159e-01
   1.00594320e-01  3.74178820e-02 -2.68762583e-02 -9.06230325e-02]
 [-8.84275222e-02 -1.25566952e-01 -9.68172364e-01 -1.89674317e-01
  -2.14981094e-01 -2.34874445e-01 -2.48838714e-01 -2.56511753e-01
  -2.57694780e-01 -2.52356912e-01 -2.40636409e-01 -2.22837041e-01
  -1.99420030e-01 -1.70992246e-01 -1.38290369e-01 -1.02161815e-01
  -6.35427162e-02 -2.34335415e-02  1.71266073e-02  5.70871856e-02
   9.54132816e-02  1.31112445e-01  1.63260397e-01  1.91024894e-01
   2.13687308e-01  2.30661086e-01  2.41507037e-01  2.45944528e-01
   2.43858829e-01  2.35304025e-01  2.20501578e-01  1.99834643e-01
   1.73838145e-01  1.43185020e-01  1.08668678e-01  7.11826860e-02
   3.16975261e-02 -8.76443783e-03 -4.91554129e-02 -8.84293157e-02]
 [-8.50806054e-02 -9.68304586e-02 -1.06231435e-01 -1.13039882e-01
  -1.17079292e-01 -1.18244875e-01 -1.16506321e-01 -1.11908559e-01
  -1.04570649e-01 -9.46826920e-02 -8.25008026e-02 -6.83407426e-02
  -5.25692739e-02 -3.55951684e-02 -1.78581720e-02  1.82151392e-04
   1.80584655e-02  3.53077056e-02  5.14831106e-02  6.61657789e-02
   7.89755498e-02  8.95807922e-02  9.77070074e-02  1.03143910e-01
   1.05750873e-01  1.05460510e-01  1.02280470e-01  9.62931503e-02
   8.76536166e-02  7.65855665e-02  6.33755473e-02  4.83655376e-02
   3.19441526e-02  1.45363882e-02 -3.40695668e-03 -2.14213423e-02
  -3.90402939e-02 -5.58075364e-02 -7.12887894e-02 -8.50830337e-02]
 [-8.06752313e-02 -6.67116078e-02 -5.11785392e-02 -3.44783101e-02
  -1.70434541e-02  6.74375068e-04  1.82161557e-02  3.51274425e-02
   5.09700777e-02  6.53334799e-02  7.78456838e-02  8.81824335e-02
   9.60759131e-02  1.01321724e-01  1.03784055e-01  1.03399180e-01
   1.00177248e-01  9.42018388e-02  8.56278859e-02  7.46776100e-02
   6.16347468e-02  4.68371950e-02  3.06682494e-02  1.35466864e-02
  -4.08414134e-03 -2.17676917e-02 -3.90461051e-02 -5.54720645e-02
  -7.06203153e-02 -8.40986515e-02 -9.55581197e-02 -1.04702039e-01
  -1.11293611e-01 -1.15162090e-01 -1.16207221e-01 -1.14401825e-01
  -1.09792497e-01 -1.02498469e-01 -9.27084962e-02 -8.06759634e-02]
 [-7.53272995e-02 -3.59917673e-02  4.12221191e-03  4.39755788e-02
   8.25359683e-02  1.18804347e-01  1.51841133e-01  1.80790302e-01
   2.04901750e-01 -9.68224243e-01  2.36254273e-01  2.42683019e-01
   2.42670647e-01  2.36217608e-01  2.23491251e-01  2.04821478e-01
   1.80692166e-01  1.51728577e-01  1.18681159e-01  8.24060623e-02
   4.38429292e-02  3.99056834e-03 -3.61189314e-02 -7.54469337e-02
  -1.12975102e-01 -1.47731800e-01 -1.78817176e-01 -2.05426503e-01
  -2.26870832e-01 -2.42595046e-01 -2.52191990e-01 -2.55413158e-01
  -2.52174960e-01 -2.42561175e-01 -2.26820471e-01 -2.05360186e-01
  -1.78735757e-01 -1.47636617e-01 -1.12867740e-01 -7.53294942e-02]
 [-6.91778586e-02 -5.46849196e-03  5.82371791e-02  1.20288981e-01
   1.79079461e-01  2.33085565e-01  2.80908076e-01  3.21307977e-01
   3.53238548e-01  3.75872469e-01  3.88623381e-01  3.91160993e-01
   3.83419722e-01  3.65600360e-01  3.38164702e-01  3.01823824e-01
   2.57519364e-01  2.06399237e-01  1.49787811e-01  8.91515709e-02
   2.60610768e-02 -3.78496575e-02 -1.00925541e-01 -1.61533229e-01
  -2.18103402e-01 -2.69171371e-01 -3.13414981e-01 -3.49688772e-01
  -3.77053629e-01 -3.94801047e-01 -4.02471482e-01 -3.99866245e-01
  -3.87052576e-01 -3.64362082e-01 -3.32381957e-01 -2.91940100e-01
  -2.44083390e-01 -1.90050919e-01 -1.31241767e-01 -6.91788423e-02]
 [-6.23811406e-02  2.40732001e-02  1.09770697e-01  1.92491552e-01
   2.70092898e-01  3.40564416e-01  4.02080419e-01  4.53047201e-01
   4.92144255e-01  5.18358796e-01  5.31011581e-01  5.29775193e-01
   5.14681602e-01  4.86122144e-01  4.44836908e-01  3.91895721e-01
   3.28670154e-01  2.56798262e-01  1.78141880e-01  9.47383931e-02
   8.74803503e-03 -7.76021596e-02 -1.62076001e-01 -2.42485992e-01
  -3.16750052e-01 -3.82945288e-01 -4.39357771e-01 -4.84526931e-01
  -5.17283267e-01 -5.36778621e-01 -5.42508155e-01 -5.34323349e-01
  -5.12435964e-01 -4.77412451e-01 -4.30159416e-01 -3.71900220e-01
  -3.04143187e-01 -2.28642795e-01 -1.47354094e-01 -6.23822737e-02]
 [-5.51066630e-02  5.18750202e-02  1.57395026e-01  2.58720131e-01
   3.53225602e-01  4.38463406e-01  5.12225343e-01  5.72600591e-01
   6.18025081e-01  6.47322150e-01  6.59732887e-01  6.54935940e-01
   6.33055763e-01  5.94659400e-01  5.40741746e-01  4.72699732e-01
   3.92296079e-01  3.01613651e-01  2.03001415e-01  9.90135721e-02
  -7.65659870e-03 -1.14246509e-01 -2.17995791e-01 -3.16217763e-01
  -4.06369044e-01 -4.86115179e-01 -5.53391317e-01 -6.06455449e-01
  -6.43933555e-01 -6.64855129e-01 -6.68678324e-01 -6.55303991e-01
  -6.25078206e-01 -5.78783405e-01 -5.17618112e-01 -4.43166011e-01
  -3.57354871e-01 -2.62406791e-01 -1.60780575e-01 -5.51081818e-02]
 [-4.75326176e-02  7.72274831e-02  1.99887418e-01  3.17270032e-01
   4.26334790e-01  5.24256594e-01  6.08498906e-01  6.76879570e-01
   7.27627269e-01  7.59427539e-01  7.71456822e-01  7.63403594e-01
   7.35476715e-01  6.88399803e-01  6.23392496e-01  5.42138876e-01
   4.46743758e-01  3.39678118e-01  2.23715165e-01  1.01858376e-01
  -2.27362498e-02 -1.46841921e-01 -2.67244644e-01 -3.80826386e-01
  -4.84645818e-01 -5.76014526e-01 -6.52566452e-01 -7.12319251e-01
  -7.53725587e-01 -7.75713068e-01 -7.77712235e-01 -7.59671097e-01
  -7.22056657e-01 -6.65842712e-01 -5.92484788e-01 -5.03882416e-01
  -4.02329976e-01 -2.90457365e-01 -1.71161844e-01 -4.75330602e-02]
 [-3.98392037e-02  9.94899837e-02  2.36163009e-01  3.66639832e-01
   4.87540951e-01  5.95734720e-01  6.88418862e-01  7.63192623e-01
   8.18119364e-01  8.51776475e-01  8.63292358e-01  8.52368900e-01
   8.19289232e-01  7.64910398e-01  6.90641049e-01  5.98404976e-01
   4.90591283e-01  3.69992448e-01  2.39731981e-01  1.03183546e-01
  -3.61164264e-02 -1.74560341e-01 -3.08562768e-01 -4.34653426e-01
  -5.49566938e-01 -6.50327298e-01 -7.34325128e-01 -7.99385089e-01
  -8.43822116e-01 -8.66485367e-01 -8.66787727e-01 -8.44721171e-01
  -8.00856963e-01 -7.36330856e-01 -6.52813806e-01 -5.52468593e-01
  -4.37893891e-01 -3.12057052e-01 -1.78217120e-01 -3.98405590e-02]
 [-3.22090370e-02  1.18102654e-01  2.65298747e-01  4.05566739e-01
   5.35273619e-01  6.51059962e-01  7.49926887e-01  8.29313825e-01
   8.87164834e-01  9.21981696e-01  9.32862861e-01  9.19526716e-01
   8.82318877e-01  8.22203191e-01  7.40736701e-01  6.40029484e-01
   5.22689842e-01  3.91756719e-01  2.50621144e-01  1.02938295e-01
  -4.74671155e-02 -1.96699865e-01 -3.40895099e-01 -4.76318414e-01
  -5.99462534e-01 -7.07138189e-01 -7.96556611e-01 -8.65401869e-01
  -9.11890780e-01 -9.34819167e-01 -9.33592961e-01 -9.08243762e-01
  -8.59427884e-01 -7.88409468e-01 -6.97027771e-01 -5.87649430e-01
  -4.63107339e-01 -3.26627121e-01 -1.81743693e-01 -3.22096184e-02]
 [-2.48168949e-02  1.32606106e-01  2.86562000e-01  4.33063325e-01
   5.68315773e-01  6.88816450e-01  7.91444648e-01  8.73542561e-01
   9.32984205e-01  9.68230338e-01  9.78368405e-01  9.63136044e-01
   9.22927949e-01  8.58785526e-01  7.72370047e-01  6.65919503e-01
   5.42190725e-01  4.04387944e-01  2.56079919e-01  1.01107447e-01
  -5.65160321e-02 -2.12708365e-01 -3.63424401e-01 -5.04760717e-01
  -6.33056740e-01 -7.44989532e-01 -8.37659905e-01 -9.08667437e-01
  -9.56172830e-01 -9.78945407e-01 -9.76395120e-01 -9.48587820e-01
  -8.96243581e-01 -8.20718080e-01 -7.23967425e-01 -6.08497597e-01
  -4.77299399e-01 -3.33771084e-01 -1.81630243e-01 -2.48175454e-02]
 [-1.78295299e-02  1.42649080e-01  2.99425610e-01  4.48439600e-01
   5.85831852e-01  7.08044208e-01  8.11911850e-01  8.94745036e-01
   9.54398930e-01  9.89328935e-01  9.98630750e-01  9.82063704e-01
   9.40056994e-01  8.73698539e-01  7.84706806e-01  6.75386355e-01
   5.48568098e-01  4.07536146e-01  2.55942702e-01  9.77135157e-02
  -6.30536751e-02 -2.22195314e-01 -3.75589788e-01 -5.19264183e-01
  -6.49497218e-01 -7.62915587e-01 -8.56581432e-01 -9.28068372e-01
  -9.75524509e-01 -9.97720342e-01 -9.94080712e-01 -9.64699685e-01
  -9.10338205e-01 -8.32404288e-01 -7.32916608e-01 -6.14452223e-01
  -4.80079708e-01 -3.33279699e-01 -1.77854680e-01 -1.78304527e-02]
 [ 7.26139975e-01  1.47998648e-01  3.03582520e-01  4.51321791e-01
   5.87390408e-01  7.08264683e-01  8.10814524e-01  8.92384566e-01
   9.50862792e-01  9.84735172e-01  9.93124848e-01  9.75814785e-01
   9.33253370e-01  8.66542808e-01  7.77410550e-01  6.68164638e-01
   5.41633907e-01  4.01094853e-01  2.50186759e-01  9.28175738e-02
  -6.69373111e-02 -2.24940533e-01 -3.77099927e-01 -5.19474455e-01
  -6.48376378e-01 -7.60466663e-01 -8.52841700e-01 -9.23108417e-01
  -9.69446355e-01 -9.90654926e-01 -9.86184481e-01 -9.56150655e-01
  -9.01331322e-01 -8.23146496e-01 -7.23621512e-01 -6.05334513e-01
  -4.71349694e-01 -3.25137752e-01 -1.70486081e-01 -1.14005146e-02]
 [-5.66389788e-03  1.48547446e-01  2.98954805e-01  4.41662866e-01
   5.72975895e-01  6.89493486e-01  7.88198536e-01  8.66535350e-01
   9.22475712e-01  9.54571389e-01  9.61991574e-01  9.44544339e-01
   9.02681596e-01  8.37487355e-01  7.50649723e-01  6.44417190e-01
   5.21540458e-01  3.85201277e-01  2.38930073e-01  8.65146333e-02
  -6.80979575e-02 -2.20903512e-01 -3.67944437e-01 -5.05412183e-01
  -6.29745988e-01 -7.37725046e-01 -8.26552113e-01 -8.93925891e-01
  -9.38100786e-01 -9.57932178e-01 -9.52906091e-01 -9.23152534e-01
  -8.69442228e-01 -7.93166491e-01 -6.96301363e-01 -5.81356183e-01
  -4.51308687e-01 -3.09527715e-01 -1.59685953e-01 -5.66471509e-03]
 [-7.36646710e-04  1.44312717e-01  2.85692320e-01  4.19740665e-01
   5.42986325e-01  6.52237963e-01  7.44666647e-01  8.17879252e-01
   8.69980328e-01  8.99621112e-01  9.06034351e-01  8.89054192e-01
   8.49120425e-01  7.87267034e-01  7.05095608e-01  6.04733724e-01
   4.88779967e-01  3.60236768e-01  2.22432633e-01  7.89360353e-02
  -6.65369323e-02 -2.10218784e-01 -3.48388153e-01 -4.77466301e-01
  -5.94109585e-01 -6.95296447e-01 -7.78405469e-01 -8.41283420e-01
  -8.82301131e-01 -9.00395750e-01 -8.95098245e-01 -8.66545734e-01
  -8.15477845e-01 -7.43217497e-01 -6.51636758e-01 -5.43108194e-01
  -4.20443346e-01 -2.86819906e-01 -1.45699290e-01 -7.36947395e-04]
 [ 3.28996403e-03  1.35439283e-01  2.64171731e-01  3.86153382e-01
   4.98225382e-01  5.97485651e-01  6.81364086e-01  7.47688963e-01
   7.94743201e-01  8.21308691e-01  8.26697781e-01  8.10771139e-01
   7.73941251e-01  7.17161745e-01  6.41902759e-01  5.50112849e-01
   4.44168669e-01  3.26813407e-01  2.01085847e-01  7.02417252e-02
  -6.23305364e-02 -1.93197534e-01 -3.18969829e-01 -4.36389682e-01
  -5.42415513e-01 -6.34300692e-01 -7.09664760e-01 -7.66555108e-01
  -8.03497679e-01 -8.19535181e-01 -8.14251936e-01 -7.87784652e-01
  -7.40819004e-01 -6.74571669e-01 -5.90758902e-01 -4.91552124e-01
  -3.79521368e-01 -2.57568948e-01 -1.28853911e-01  3.28962414e-03]
 [ 6.34849978e-03  1.22192739e-01  2.34984196e-01  3.41801839e-01
   4.39879453e-01  5.26677349e-01  5.99948085e-01  6.57794640e-01
   6.98719361e-01  7.21662841e-01  7.26031208e-01  7.11711483e-01
   6.79074556e-01  6.28965502e-01  5.62681706e-01  4.81939385e-01
   3.88829167e-01  2.85761900e-01  1.75406435e-01  6.06204240e-02
  -5.56235247e-02 -1.70314915e-01 -2.80483203e-01 -3.83274872e-01
  -4.76027225e-01 -5.56337500e-01 -6.22125132e-01 -6.71685625e-01
  -7.03734827e-01 -7.17442269e-01 -7.12452645e-01 -6.88895125e-01
  -6.47379919e-01 -5.88982552e-01 -5.15215945e-01 -4.27991170e-01
  -3.29567898e-01 -2.22495879e-01 -1.09548705e-01  6.34793783e-03]
 [ 8.39764545e-03  1.04952804e-01  1.98920086e-01  2.87865875e-01
   3.69486775e-01  4.41669224e-01  5.02544202e-01  5.50535527e-01
   5.84400718e-01  6.03263053e-01  6.06634316e-01  5.94427340e-01
   5.66958248e-01  5.24938351e-01  4.69455603e-01  4.01946642e-01
   3.24159428e-01  2.38108146e-01  1.46021033e-01  5.02827311e-02
  -4.66274444e-02 -1.42199671e-01 -2.33958640e-01 -3.19527653e-01
  -3.96690189e-01 -4.63447392e-01 -5.18069779e-01 -5.59142215e-01
  -5.85600518e-01 -5.96759080e-01 -5.92328706e-01 -5.72424045e-01
  -5.37560717e-01 -4.88641872e-01 -4.26934840e-01 -3.54038221e-01
  -2.71840482e-01 -1.82470964e-01 -8.82446923e-02  8.39760445e-03]
 [ 9.42423659e-03  8.42045746e-02  1.56949536e-01  2.25775108e-01
   2.88898898e-01  3.44686315e-01  3.91692759e-01  4.28701110e-01
   4.54753165e-01  4.69174481e-01  4.71591693e-01  4.61942364e-01
   4.40476403e-01  4.07749652e-01  3.64609543e-01  3.12173143e-01
   2.51798193e-01  1.85048076e-01  1.13651288e-01  3.94567061e-02
  -3.56142373e-02 -1.09617334e-01 -1.80635920e-01 -2.46830533e-01
  -3.06486572e-01 -3.58058705e-01 -4.00210920e-01 -4.31851199e-01
  -4.52159790e-01 -4.60610466e-01 -4.56984191e-01 -4.41374858e-01
  -4.14186753e-01 -3.76124163e-01 -3.28173198e-01 -2.71575945e-01
  -2.07798594e-01 -1.38493269e-01 -6.54552050e-02  9.42373431e-03]
 [ 9.44038523e-03  6.05227178e-02  1.10194433e-01  1.57169068e-01
   2.00230108e-01  2.38262354e-01  2.70281027e-01  2.95456942e-01
   3.13138253e-01  3.22867166e-01  3.24391843e-01  3.17672819e-01
   3.02884159e-01  2.80408866e-01  2.50828925e-01  2.14910314e-01
   1.73583168e-01  1.27917670e-01  7.90963641e-02  2.83835639e-02
  -2.29074067e-02 -7.34481968e-02 -1.21929810e-01 -1.67096580e-01
  -2.07778575e-01 -2.42922089e-01 -2.71616717e-01 -2.93119098e-01
  -3.06872205e-01 -3.12519699e-01 -3.09915234e-01 -2.99126208e-01
  -2.80432061e-01 -2.54317002e-01 -2.21457561e-01 -1.82704872e-01
  -1.39062789e-01 -9.16617763e-02 -4.17296587e-02  9.44023308e-03]
 [ 8.48572817e-03  3.45590988e-02  5.99016020e-02  8.38568773e-02
   1.05804516e-01  1.25176074e-01  1.41469946e-01  1.54264118e-01
   1.63227312e-01  1.68127444e-01  1.68837609e-01  1.65339472e-01
   1.57723662e-01  1.46187417e-01  1.31029489e-01  1.12642474e-01
   9.15024606e-02  6.81569912e-02  4.32106086e-02  1.73093718e-02
  -8.87593480e-03 -3.46671616e-02 -5.93963310e-02 -8.24229641e-02
  -1.03150706e-01 -1.21042640e-01 -1.35635325e-01 -1.46550771e-01
  -1.53506252e-01 -1.56321566e-01 -1.54923728e-01 -1.49348941e-01
  -1.39741602e-01 -1.26350468e-01 -1.09522467e-01 -8.96934273e-02
  -6.73769586e-02 -4.31511174e-02 -1.76433912e-02  8.48554210e-03]
 [ 6.62390030e-03  7.02364326e-03  7.40858792e-03  7.76874480e-03
   8.09480119e-03  8.37830095e-03  8.61192350e-03  8.78960925e-03
   8.90673221e-03  8.96030620e-03  8.94889603e-03  8.87281966e-03
   8.73404218e-03  8.53617566e-03  8.28431467e-03  7.98501860e-03
   7.64600216e-03  7.27606594e-03  6.88479675e-03  6.48231189e-03
   6.07904393e-03  5.68542936e-03  5.31167135e-03  4.96743934e-03
   4.66165050e-03  4.40222681e-03  4.19590433e-03  4.04797857e-03
   3.96232451e-03  3.94116150e-03  3.98500426e-03  4.09273608e-03
   4.26160193e-03  4.48714243e-03  4.76358221e-03  5.08375435e-03
   5.43936460e-03  5.82119841e-03  6.21934908e-03  6.62352827e-03]]
minima = -0.9982937832417738
coord = [10, 9]
For betaplot:
beta_vec = [0.         0.08055366 0.16110732 0.24166097 0.32221463 0.40276829
 0.48332195 0.5638756  0.64442926 0.72498292 0.80553658 0.88609024
 0.96664389 1.04719755 1.12775121 1.20830487 1.28885852 1.36941218
 1.44996584 1.5305195  1.61107316 1.69162681 1.77218047 1.85273413
 1.93328779 2.01384144 2.0943951  2.17494876 2.25550242 2.33605608
 2.41660973 2.49716339 2.57771705 2.65827071 2.73882436 2.81937802
 2.89993168 2.98048534 3.061039   3.14159265]
zz = [0.25341486979092476, 0.2096215504909803, 0.16804544847904798, 0.12957449685098774, 0.0952936461163141, 0.06582221957904476, 0.041565996840575964, 0.022807744095859964, 0.009685091271472698, 0.0022238637449820686, 0.0003679820501691983, 0.0040053789944424064, 0.012985943445279908, 0.027129797513924407, 0.07928299921259765, 0.07001717829045763, 0.09818814519154408, 0.1303351944659844, 0.16594632980011875, 0.2043807513560218, 0.24485675526522446, 0.007242645032686649, 0.3281080141364811, 0.3686705750813503, 0.4069142773815723, 0.4416002416005477, 0.4715330964689256, 0.49562303370520183, 0.5129468445432576, 0.5228027208518322, 0.5247543400394651, 0.5186604600589152, 0.5046873512742692, 0.48330298974968794, 0.45525330368675104, 0.4215224849486297, 0.3832804352409906, 0.3418216335057851, 0.29850034689133537, 0.25466682968649934]
zo = [0.2496690416342947, 0.21195218314586764, 0.1764030456626311, 0.1419093413286216, 0.1080053802290067, 0.07702800623846599, 0.05002459410203267, 0.028056739373035402, 0.012031648050834181, 0.002678307410821541, 0.00048630080193699435, 0.005671660930687912, 0.01815547189211759, 0.037561311590860944, 0.10626496928955871, 0.09426347310374292, 0.1295533153671071, 0.16786136415522987, 0.2078750890567012, 0.24827800758006813, 0.28780995948603627, 0.00864522143684627, 0.3598282555822303, 0.3905085170472499, 0.4167467793567947, 0.43811321691626043, 0.45435497138177083, 0.4653675925390441, 0.47116801231012445, 0.4718615971984617, 0.46761290147895174, 0.458625087596276, 0.44512294375744793, 0.4273511843270103, 0.4055779821356457, 0.3801088861946059, 0.3513067829129125, 0.3196118709150464, 0.28556344394426136, 0.24981336146008604]
oz = [0.25109821165267754, 0.2841361028654986, 0.31689725650315, 0.34781704815430753, 0.37318509574823705, 0.39411309919597687, 0.4103274940706271, 0.4218238079635152, 0.42862536715937366, 0.4308706780680407, 0.4287381142628595, 0.42243449875750505, 0.41216827911644305, 0.3981430854881203, 0.347494879571601, 0.3596208700773144, 0.33556725940279786, 0.30868629688030125, 0.27934899545001984, 0.24802931356726454, 0.21532237363223208, 0.45087469296877214, 0.14875485255106227, 0.11667867585872732, 0.08673020436746044, 0.05993998416105753, 0.037307030194246193, 0.019741779433169005, 0.008009968269750924, 0.002681376601396732, 0.00408931460950624, 0.012303459037676339, 0.027119066810110767, 0.04806362132153871, 0.07442064722078455, 0.1052681252983803, 0.13952967911538208, 0.1760326967151483, 0.21356996302626816, 0.25095960516298305]
oo = [0.24581685168224854, 0.2858659023154735, 0.33153109167417505, 0.3803481079302107, 0.42331167631186567, 0.46303028502319793, 0.4980463832635804, 0.5273096681016377, 0.5496488764178976, 0.5642242891000966, 0.5704050220083537, 0.567885721166106, 0.55668950666235, 0.537163464748755, 0.4669566205353539, 0.47609678958906376, 0.43669039247094016, 0.39311615472303835, 0.34682829187054054, 0.2993112820810222, 0.25200959403418993, 0.5332340541794448, 0.16330784805464715, 0.12414117282518991, 0.08960793870437073, 0.0603454002972882, 0.03680405933573138, 0.01926657724363571, 0.007874148946951662, 0.0026534334441349282, 0.0035423402149390186, 0.010410094062582212, 0.023069627444092366, 0.041281169684014025, 0.06474716650527668, 0.09309940472965397, 0.12588218190094058, 0.16253277388351606, 0.20236521007728345, 0.2445592801423903]
