For contourf:
gamma_vec = [0.         0.05235988 0.10471976 0.15707963 0.20943951 0.26179939
 0.31415927 0.36651914 0.41887902 0.4712389  0.52359878 0.57595865
 0.62831853 0.68067841 0.73303829 0.78539816 0.83775804 0.89011792
 0.9424778  0.99483767 1.04719755 1.09955743 1.15191731 1.20427718
 1.25663706 1.30899694 1.36135682 1.41371669 1.46607657 1.51843645
 1.57079633 1.6231562  1.67551608 1.72787596 1.78023584 1.83259571
 1.88495559 1.93731547 1.98967535 2.04203522 2.0943951  2.14675498
 2.19911486 2.25147474 2.30383461 2.35619449 2.40855437 2.46091425
 2.51327412 2.565634   2.61799388 2.67035376 2.72271363 2.77507351
 2.82743339 2.87979327 2.93215314 2.98451302 3.0368729  3.08923278
 3.14159265]
beta_vec = [0.         0.05235988 0.10471976 0.15707963 0.20943951 0.26179939
 0.31415927 0.36651914 0.41887902 0.4712389  0.52359878 0.57595865
 0.62831853 0.68067841 0.73303829 0.78539816 0.83775804 0.89011792
 0.9424778  0.99483767 1.04719755 1.09955743 1.15191731 1.20427718
 1.25663706 1.30899694 1.36135682 1.41371669 1.46607657 1.51843645
 1.57079633 1.6231562  1.67551608 1.72787596 1.78023584 1.83259571
 1.88495559 1.93731547 1.98967535 2.04203522 2.0943951  2.14675498
 2.19911486 2.25147474 2.30383461 2.35619449 2.40855437 2.46091425
 2.51327412 2.565634   2.61799388 2.67035376 2.72271363 2.77507351
 2.82743339 2.87979327 2.93215314 2.98451302 3.0368729  3.08923278
 3.14159265]
exp_mat = [[ 6.65258630e-05 -3.55021520e-03 -7.55684971e-03 -1.15999200e-02
  -1.68843282e-02 -2.19453251e-02 -2.69934482e-02 -3.22604735e-02
  -3.68496671e-02 -4.18222863e-02 -4.67435108e-02 -5.15916866e-02
  -5.60799347e-02 -6.04990631e-02 -6.48677645e-02 -6.85688881e-02
  -7.31001700e-02 -7.51265670e-02 -7.84264443e-02 -8.01402392e-02
  -8.26749580e-02 -8.34542627e-02 -8.44489927e-02 -8.57477423e-02
  -8.56737127e-02 -8.53811635e-02 -8.46286494e-02 -8.35512585e-02
  -8.10045386e-02 -7.97105339e-02 -7.69341492e-02 -7.37812935e-02
  -7.04854675e-02 -6.74356806e-02 -6.31347469e-02 -6.00050439e-02
  -5.58997705e-02 -5.08142313e-02 -4.70436293e-02 -4.30604797e-02
  -3.87220903e-02 -3.43170380e-02 -3.03231111e-02 -2.60940012e-02
  -2.20970271e-02 -1.87294373e-02 -1.61237805e-02 -1.16970270e-02
  -8.64084398e-03 -6.27660137e-03 -3.88066575e-03 -1.89759385e-03
  -1.22924656e-04  9.38581354e-04  1.74689153e-03  2.36860707e-03
   2.52305640e-03  2.40425193e-03  1.92346514e-03  1.13149121e-03
   6.89159172e-05]
 [-4.89783978e-05  1.82688007e-02  3.62505352e-02  5.11864515e-02
   6.57196147e-02  7.94380798e-02  9.34387146e-02  1.06887414e-01
   1.15871391e-01  1.25812340e-01  1.31935929e-01  1.36550814e-01
   1.39443392e-01  1.42069363e-01  1.40122983e-01  1.37942175e-01
   1.33039409e-01  1.26931649e-01  1.19509906e-01  1.07592415e-01
   9.73655814e-02  8.39641174e-02  6.91500667e-02  5.37947653e-02
   3.70335286e-02  1.91673342e-02 -2.71627380e-04 -1.81057496e-02
  -3.69733354e-02 -5.63657867e-02 -7.53847162e-02 -9.47918099e-02
  -1.14755781e-01 -1.30084123e-01 -1.47653896e-01 -1.63972560e-01
  -1.75708342e-01 -1.89593674e-01 -1.99974414e-01 -2.10963814e-01
  -2.19275755e-01 -2.22216202e-01 -2.25879798e-01 -2.28677026e-01
  -2.27064391e-01 -2.23302149e-01 -2.17248884e-01 -2.14408066e-01
  -2.05980103e-01 -1.94886389e-01 -1.83013418e-01 -1.69913547e-01
  -1.54914728e-01 -1.35749197e-01 -1.19535934e-01 -1.01101511e-01
  -8.22208411e-02 -6.18377529e-02 -4.18275557e-02 -2.11169208e-02
  -5.38823671e-04]
 [ 2.08140461e-04  3.91912983e-02  7.70367630e-02  1.11837957e-01
   1.48089261e-01  1.81480949e-01  2.14425859e-01  2.42664868e-01
   2.64676863e-01  2.89345685e-01  3.10008903e-01  3.24743906e-01
   3.33578548e-01  3.41789765e-01  3.44537364e-01  3.42669314e-01
   3.36261572e-01  3.25383567e-01  3.13509654e-01  2.94259979e-01
   2.77623031e-01  2.48007209e-01  2.24748730e-01  1.94395938e-01
   1.59181295e-01  1.23766734e-01  8.71887907e-02  4.54940706e-02
   9.12305155e-03 -3.14897763e-02 -7.16668510e-02 -1.10106241e-01
  -1.48074163e-01 -1.89142768e-01 -2.25335692e-01 -2.59958178e-01
  -2.88630365e-01 -3.14759871e-01 -3.44482544e-01 -3.70012904e-01
  -3.87903432e-01 -4.04565117e-01 -4.15154629e-01 -4.24865206e-01
  -4.22552024e-01 -4.24151568e-01 -4.16792890e-01 -4.10519470e-01
  -3.95702783e-01 -3.76651537e-01 -3.56590901e-01 -3.30888500e-01
  -3.04312409e-01 -2.69049693e-01 -2.37772996e-01 -2.01525126e-01
  -1.64389056e-01 -1.22992462e-01 -8.31688235e-02 -4.22471663e-02
  -8.49342867e-04]
 [ 3.91251605e-04  5.81643873e-02  1.14865613e-01  1.69813706e-01
   2.25088801e-01  2.75197575e-01  3.22424596e-01  3.66688916e-01
   4.03248315e-01  4.37116820e-01  4.66463700e-01  4.94852202e-01
   5.09575311e-01  5.25282614e-01  5.30917711e-01  5.26114248e-01
   5.23866917e-01  5.11648161e-01  4.85075623e-01  4.66760866e-01
   4.34381210e-01  4.01304821e-01  3.64816177e-01  3.19593257e-01
   2.73094484e-01  2.23115056e-01  1.68069855e-01  1.12909189e-01
   5.52080658e-02 -2.94188456e-03 -6.24555108e-02 -1.21863041e-01
  -1.78376440e-01 -2.34085524e-01 -2.91900124e-01 -3.42684577e-01
  -3.87032593e-01 -4.34224212e-01 -4.76600706e-01 -5.07850035e-01
  -5.42942265e-01 -5.55520492e-01 -5.80144097e-01 -5.86045228e-01
  -6.01504694e-01 -5.99615294e-01 -5.90543077e-01 -5.77910143e-01
  -5.59174308e-01 -5.42760710e-01 -5.10751956e-01 -4.77853593e-01
  -4.38108312e-01 -3.92809306e-01 -3.41844884e-01 -2.91806120e-01
  -2.37279882e-01 -1.78946652e-01 -1.21417946e-01 -6.14267618e-02
  -1.19553700e-03]
 [ 2.64818644e-04  7.46963511e-02  1.47700454e-01  2.18966025e-01
   2.88619616e-01  3.54235505e-01  4.11633729e-01  4.70973725e-01
   5.19679000e-01  5.68044516e-01  6.06207962e-01  6.35664022e-01
   6.64082492e-01  6.76641219e-01  6.87594484e-01  6.91484998e-01
   6.81510922e-01  6.69806610e-01  6.42376250e-01  6.19422434e-01
   5.77513261e-01  5.37332363e-01  4.91699367e-01  4.34837140e-01
   3.72714711e-01  3.14076213e-01  2.42902157e-01  1.72325641e-01
   9.89414545e-02  2.20066485e-02 -5.07445446e-02 -1.24026559e-01
  -2.01302372e-01 -2.70883848e-01 -3.41315420e-01 -4.06402769e-01
  -4.65406109e-01 -5.19716973e-01 -5.75149190e-01 -6.22339589e-01
  -6.54507026e-01 -6.91618422e-01 -7.16919434e-01 -7.31614713e-01
  -7.41773502e-01 -7.48215645e-01 -7.37569836e-01 -7.26085263e-01
  -7.03492216e-01 -6.71883341e-01 -6.39865483e-01 -5.96126201e-01
  -5.47109359e-01 -4.92565145e-01 -4.29846396e-01 -3.67087446e-01
  -2.99019120e-01 -2.27900795e-01 -1.51376265e-01 -7.70163594e-02
  -2.30332620e-03]
 [ 6.45440581e-04  8.79709781e-02  1.73873431e-01  2.58774292e-01
   3.36405847e-01  4.16350658e-01  4.89163425e-01  5.54690244e-01
   6.13695142e-01  6.67483887e-01  7.16495845e-01  7.58042195e-01
   7.84227930e-01  8.07520468e-01  8.11793191e-01  8.18528390e-01
   8.14872555e-01  7.97854908e-01  7.73674495e-01  7.42466698e-01
   6.97093467e-01  6.44753586e-01  5.88474203e-01  5.31305526e-01
   4.58093160e-01  3.86510955e-01  3.05156057e-01  2.22003439e-01
   1.35538530e-01  5.11607413e-02 -3.56185288e-02 -1.23028788e-01
  -2.11810545e-01 -2.97954338e-01 -3.80016685e-01 -4.54492074e-01
  -5.32046121e-01 -5.90803460e-01 -6.60899137e-01 -7.10683021e-01
  -7.56926098e-01 -7.93127832e-01 -8.26797529e-01 -8.43590078e-01
  -8.51298914e-01 -8.64360682e-01 -8.54445365e-01 -8.41312891e-01
  -8.11799818e-01 -7.81729412e-01 -7.43053071e-01 -6.94480913e-01
  -6.36242646e-01 -5.70654827e-01 -4.99763859e-01 -4.26775548e-01
  -3.45231202e-01 -2.63159642e-01 -1.77973847e-01 -8.98999313e-02
  -1.77078401e-03]
 [ 1.12337111e-03  9.80915952e-02  1.91730604e-01  2.85184450e-01
   3.75342828e-01  4.64319899e-01  5.45068971e-01  6.19772505e-01
   6.86316589e-01  7.42663943e-01  7.94574708e-01  8.40814993e-01
   8.77423752e-01  8.96081825e-01  9.15407585e-01  9.20678216e-01
   9.18054526e-01  8.89205143e-01  8.67281449e-01  8.31251024e-01
   7.90471696e-01  7.37830448e-01  6.67106119e-01  6.04859793e-01
   5.25059750e-01  4.45636248e-01  3.57921062e-01  2.65127397e-01
   1.75671966e-01  7.55664471e-02 -2.20866545e-02 -1.17749443e-01
  -2.13410833e-01 -3.02462355e-01 -3.95223096e-01 -4.82033158e-01
  -5.66186253e-01 -6.42750331e-01 -7.09444504e-01 -7.66303118e-01
  -8.18658889e-01 -8.62731493e-01 -8.98323732e-01 -9.27462653e-01
  -9.43726864e-01 -9.49884138e-01 -9.34517283e-01 -9.11564306e-01
  -8.89356043e-01 -8.60450916e-01 -8.14259394e-01 -7.61522567e-01
  -6.98260701e-01 -6.28835191e-01 -5.48535493e-01 -4.64962401e-01
  -3.82577868e-01 -2.90227931e-01 -1.96627105e-01 -9.94616374e-02
  -1.33485452e-03]
 [ 1.91582419e-03  1.04468457e-01  2.03756854e-01  3.01900910e-01
   3.98298395e-01  4.87531120e-01  5.75200365e-01  6.51001976e-01
   7.24446262e-01  7.82505951e-01  8.48567313e-01  8.95596274e-01
   9.29438284e-01  9.58184810e-01  9.71836866e-01  9.74926104e-01
   9.66978868e-01  9.51575713e-01  9.23250148e-01  8.88942239e-01
   8.42307204e-01  7.85185334e-01  7.23518265e-01  6.45022222e-01
   5.69855485e-01  4.80825000e-01  3.92455857e-01  2.98452462e-01
   1.99488346e-01  9.84536202e-02 -8.97154903e-04 -1.08689338e-01
  -1.97793752e-01 -3.06032062e-01 -4.04941774e-01 -4.87049500e-01
  -5.80737095e-01 -6.60552670e-01 -7.26113217e-01 -7.92774258e-01
  -8.51229156e-01 -8.99086084e-01 -9.40099017e-01 -9.64598231e-01
  -9.73507573e-01 -9.84469950e-01 -9.73453134e-01 -9.55592088e-01
  -9.34461426e-01 -8.92682558e-01 -8.50890444e-01 -7.94537036e-01
  -7.24814250e-01 -6.50957250e-01 -5.75360854e-01 -4.89767071e-01
  -3.98841930e-01 -3.02402649e-01 -2.04562610e-01 -1.02351574e-01
  -7.79970046e-04]
 [ 2.52757859e-03  1.06042590e-01  2.05383617e-01  3.05848475e-01
   4.02561690e-01  4.89788523e-01  5.79768107e-01  6.60486109e-01
   7.37214887e-01  7.95516534e-01  8.58442786e-01  9.02549716e-01
   9.43934221e-01  9.54928122e-01  9.77630104e-01  9.91567416e-01
   9.82264335e-01  9.74352764e-01  9.44033906e-01  9.04186462e-01
   8.57447498e-01  8.02290308e-01  7.40180041e-01  6.67287505e-01
   5.81998902e-01  5.02512374e-01  4.09328495e-01  3.16609239e-01
   2.16389318e-01  1.15971271e-01  1.33196713e-02 -9.03210747e-02
  -1.92784744e-01 -2.89309134e-01 -3.87439182e-01 -4.75831723e-01
  -5.66498643e-01 -6.49819932e-01 -7.07727341e-01 -7.86552493e-01
  -8.38078827e-01 -8.81209332e-01 -9.18836875e-01 -9.42984518e-01
  -9.68314656e-01 -9.64708532e-01 -9.66517601e-01 -9.43226237e-01
  -9.29337563e-01 -8.94417536e-01 -8.45107273e-01 -7.92618472e-01
  -7.18571444e-01 -6.46807832e-01 -5.76537673e-01 -4.91474057e-01
  -3.99048097e-01 -3.04292770e-01 -1.98270499e-01 -1.02080749e-01
  -1.86067792e-04]
 [ 3.19496807e-03  1.01251325e-01  2.00691959e-01  2.96205550e-01
   3.90626575e-01  4.80144166e-01  5.61871998e-01  6.41049669e-01
   7.09774459e-01  7.73051883e-01  8.29065614e-01  8.69067564e-01
   9.14011155e-01  9.33587219e-01  9.61906611e-01  9.60617216e-01
   9.57550518e-01  9.45877217e-01  9.19836707e-01  8.84636565e-01
   8.38125885e-01  7.92956758e-01  7.27470337e-01  6.60574969e-01
   5.81321992e-01  4.96942176e-01  4.11409387e-01  3.18599990e-01
   2.25704068e-01  1.27387238e-01  2.72017276e-02 -6.92462248e-02
  -1.68775090e-01 -2.61450479e-01 -3.61457357e-01 -4.50022768e-01
  -5.33594933e-01 -6.06147086e-01 -6.78069218e-01 -7.39074543e-01
  -7.94790618e-01 -8.42317855e-01 -8.75278402e-01 -9.07092164e-01
  -9.20347828e-01 -9.30340708e-01 -9.28684108e-01 -9.11963504e-01
  -8.84725644e-01 -8.53791895e-01 -8.12054071e-01 -7.53765801e-01
  -6.97811995e-01 -6.27144936e-01 -5.48665781e-01 -4.70670880e-01
  -3.82528925e-01 -2.90094610e-01 -1.94719963e-01 -9.70589612e-02
   7.36697101e-04]
 [ 3.85341209e-03  9.60142576e-02  1.86185196e-01  2.73831725e-01
   3.59675244e-01  4.42154947e-01  5.21402595e-01  5.92701158e-01
   6.58379178e-01  7.17569705e-01  7.68278314e-01  8.06660801e-01
   8.45028819e-01  8.64549161e-01  8.74686327e-01  8.98705216e-01
   8.90262570e-01  8.75243871e-01  8.56243408e-01  8.28624973e-01
   7.91089001e-01  7.40391334e-01  6.82837168e-01  6.20049827e-01
   5.50532781e-01  4.74842209e-01  3.96006266e-01  3.09799894e-01
   2.23117741e-01  1.33017426e-01  4.53675836e-02 -4.81056624e-02
  -1.37699728e-01 -2.25015238e-01 -3.10098757e-01 -3.87529659e-01
  -4.72491132e-01 -5.44782376e-01 -6.07107458e-01 -6.63238003e-01
  -7.20644763e-01 -7.59938439e-01 -7.92054092e-01 -8.18443557e-01
  -8.41318475e-01 -8.33776631e-01 -8.44197881e-01 -8.32091183e-01
  -8.07850209e-01 -7.77001078e-01 -7.23891803e-01 -6.75579490e-01
  -6.31200105e-01 -5.69934702e-01 -4.99161868e-01 -4.25840186e-01
  -3.47063421e-01 -2.63431428e-01 -1.76183387e-01 -8.79062323e-02
   2.03926283e-03]
 [ 5.08209637e-03  8.47031264e-02  1.62842899e-01  2.38773396e-01
   3.14134296e-01  3.88715834e-01  4.51392473e-01  5.18337120e-01
   5.69896351e-01  6.26581791e-01  6.69680998e-01  7.07621015e-01
   7.40986888e-01  7.58406648e-01  7.80381232e-01  7.81241298e-01
   7.83830880e-01  7.70277286e-01  7.56173826e-01  7.28634704e-01
   6.97435895e-01  6.55677249e-01  6.06345080e-01  5.53859261e-01
   4.93709420e-01  4.31553963e-01  3.58400120e-01  2.90753369e-01
   2.13376037e-01  1.37344725e-01  5.74468223e-02 -2.18539814e-02
  -9.83495587e-02 -1.72521387e-01 -2.47160968e-01 -3.21544312e-01
  -3.85924402e-01 -4.48464405e-01 -5.08282340e-01 -5.60252510e-01
  -6.04777495e-01 -6.38155384e-01 -6.69571237e-01 -6.88139853e-01
  -7.10739337e-01 -7.20289377e-01 -7.18674303e-01 -6.96493765e-01
  -6.93012867e-01 -6.64850106e-01 -6.26813696e-01 -5.84518543e-01
  -5.43456564e-01 -4.85985730e-01 -4.27611796e-01 -3.64572926e-01
  -2.97234496e-01 -2.23670153e-01 -1.49731419e-01 -7.41100533e-02
   3.29004422e-03]
 [ 6.25700903e-03  7.02914120e-02  1.33347435e-01  1.97060587e-01
   2.56496477e-01  3.14210638e-01  3.69325383e-01  4.18789473e-01
   4.64894688e-01  5.10576066e-01  5.48595623e-01  5.73644863e-01
   6.02987086e-01  6.25083055e-01  6.37542224e-01  6.41660777e-01
   6.43852274e-01  6.34835605e-01  6.19402081e-01  6.01906897e-01
   5.79279549e-01  5.41703660e-01  5.04658126e-01  4.61034346e-01
   4.18928111e-01  3.66533588e-01  3.09335953e-01  2.52715990e-01
   1.93276342e-01  1.31522283e-01  6.85291757e-02  6.69684857e-03
  -5.76684238e-02 -1.16691368e-01 -1.76141220e-01 -2.33403003e-01
  -2.87411196e-01 -3.42227818e-01 -3.81093071e-01 -4.29796800e-01
  -4.64993824e-01 -4.99071010e-01 -5.17009904e-01 -5.40539737e-01
  -5.50738198e-01 -5.59160355e-01 -5.50938288e-01 -5.54955477e-01
  -5.43174332e-01 -5.22559696e-01 -4.93872934e-01 -4.64165888e-01
  -4.28564010e-01 -3.82114463e-01 -3.38544965e-01 -2.88104232e-01
  -2.34008769e-01 -1.77299452e-01 -1.17583473e-01 -5.71194965e-02
   4.67858083e-03]
 [ 7.31194319e-03  5.20269696e-02  9.80346228e-02  1.41920062e-01
   1.87241379e-01  2.26471123e-01  2.68274925e-01  3.06819844e-01
   3.38706375e-01  3.71029678e-01  3.93548987e-01  4.21738640e-01
   4.45354031e-01  4.57438427e-01  4.69581688e-01  4.72916012e-01
   4.72032532e-01  4.73528023e-01  4.64133231e-01  4.50889531e-01
   4.30798480e-01  4.06963582e-01  3.85679154e-01  3.55575254e-01
   3.23946650e-01  2.85879526e-01  2.46285114e-01  2.09512438e-01
   1.66451693e-01  1.21518992e-01  7.70893535e-02  3.27724984e-02
  -1.10027108e-02 -5.65239096e-02 -9.95924852e-02 -1.39735364e-01
  -1.79620602e-01 -2.17288287e-01 -2.49607546e-01 -2.81260220e-01
  -3.09990423e-01 -3.32088870e-01 -3.50058025e-01 -3.62851246e-01
  -3.74552803e-01 -3.78590220e-01 -3.79156617e-01 -3.74856489e-01
  -3.68141320e-01 -3.53038543e-01 -3.39941847e-01 -3.17159633e-01
  -2.88693262e-01 -2.64704420e-01 -2.32519881e-01 -1.96871230e-01
  -1.59681082e-01 -1.21173213e-01 -7.98463685e-02 -3.68007883e-02
   5.95997552e-03]
 [ 8.34606271e-03  3.37925160e-02  5.91529689e-02  8.46891347e-02
   1.10099501e-01  1.34089850e-01  1.57478435e-01  1.78753125e-01
   2.00113271e-01  2.16876417e-01  2.34720655e-01  2.50087700e-01
   2.59204457e-01  2.71898601e-01  2.79767343e-01  2.82996551e-01
   2.86246232e-01  2.86492605e-01  2.83266992e-01  2.76356416e-01
   2.69424979e-01  2.57197411e-01  2.46087534e-01  2.30921473e-01
   2.13782389e-01  1.95507784e-01  1.75279679e-01  1.53472296e-01
   1.31272342e-01  1.07400296e-01  8.25362309e-02  5.85002052e-02
   3.38242741e-02  9.47699715e-03 -1.48084404e-02 -3.63407669e-02
  -6.07782408e-02 -8.16115764e-02 -1.01254576e-01 -1.19132327e-01
  -1.34067434e-01 -1.48898829e-01 -1.61467452e-01 -1.69891829e-01
  -1.77132999e-01 -1.82180432e-01 -1.85984815e-01 -1.84532570e-01
  -1.82703867e-01 -1.76176241e-01 -1.69820720e-01 -1.58102935e-01
  -1.45355612e-01 -1.32684744e-01 -1.16372320e-01 -9.86705708e-02
  -7.88571974e-02 -5.88233122e-02 -3.79478199e-02 -1.50452011e-02
   7.06862884e-03]
 [ 9.27630090e-03  1.31547834e-02  1.76431399e-02  2.29158150e-02
   2.84164114e-02  3.29583945e-02  3.89239202e-02  4.39874930e-02
   4.92733617e-02  5.44509029e-02  5.98027907e-02  6.43061433e-02
   6.94345393e-02  7.39101218e-02  7.76788087e-02  8.23718049e-02
   8.60068195e-02  8.84442600e-02  9.19991696e-02  9.19893376e-02
   9.49605710e-02  9.48737584e-02  9.64153019e-02  9.69457878e-02
   9.72407278e-02  9.58297729e-02  9.44753601e-02  9.15889780e-02
   8.99165234e-02  8.82015963e-02  8.34298504e-02  8.10883237e-02
   7.79839001e-02  7.42097602e-02  6.96623201e-02  6.54523206e-02
   6.11696355e-02  5.66944801e-02  5.21935616e-02  4.77918346e-02
   4.29632494e-02  3.93903200e-02  3.45286477e-02  3.05360206e-02
   2.64371686e-02  2.25719388e-02  1.90241385e-02  1.62292623e-02
   1.35127926e-02  1.09993865e-02  8.94460246e-03  7.18967819e-03
   6.65234088e-03  5.51508064e-03  4.45975905e-03  4.20049604e-03
   4.77189572e-03  5.33833845e-03  6.35860998e-03  7.58834062e-03
   9.22636559e-03]
 [ 1.01788440e-02 -7.23897170e-03 -2.35493974e-02 -3.91996384e-02
  -5.39667585e-02 -6.82342579e-02 -8.14686093e-02 -9.27399842e-02
  -1.01976885e-01 -1.10820448e-01 -1.16489829e-01 -1.22442136e-01
  -1.25160034e-01 -1.25853805e-01 -1.24834551e-01 -1.23067540e-01
  -1.18807319e-01 -1.11918902e-01 -1.04242409e-01 -9.46330597e-02
  -8.30821136e-02 -7.03747228e-02 -5.60139775e-02 -4.03334976e-02
  -2.44631720e-02 -7.42605878e-03  1.11578690e-02  2.84133570e-02
   4.72016070e-02  6.52399339e-02  8.38899990e-02  1.02351405e-01
   1.19015880e-01  1.36889189e-01  1.52476369e-01  1.66209516e-01
   1.79780473e-01  1.93684097e-01  2.03367601e-01  2.13760771e-01
   2.17973649e-01  2.25706038e-01  2.28808018e-01  2.29776627e-01
   2.30436728e-01  2.28357219e-01  2.22126821e-01  2.14818675e-01
   2.08506110e-01  1.98066993e-01  1.86757294e-01  1.74542982e-01
   1.58924849e-01  1.42087711e-01  1.25807137e-01  1.07957310e-01
   8.86991235e-02  6.97787769e-02  5.03985369e-02  3.05271895e-02
   1.05867393e-02]
 [ 1.08859079e-02 -2.71583596e-02 -6.45296025e-02 -1.00186912e-01
  -1.33721161e-01 -1.65857932e-01 -1.97559100e-01 -2.23413166e-01
  -2.49310235e-01 -2.71032207e-01 -2.87453422e-01 -3.02293304e-01
  -3.11403739e-01 -3.17495092e-01 -3.21199203e-01 -3.21589694e-01
  -3.18392707e-01 -3.05824075e-01 -2.93601044e-01 -2.77506996e-01
  -2.57211031e-01 -2.33688361e-01 -2.06287356e-01 -1.77794644e-01
  -1.44563366e-01 -1.09628008e-01 -7.41806267e-02 -3.64279550e-02
   1.72936935e-03  4.03359408e-02  7.82355185e-02  1.16431193e-01
   1.56082328e-01  1.90279892e-01  2.29470812e-01  2.61534380e-01
   2.90471413e-01  3.17659860e-01  3.47513244e-01  3.68996009e-01
   3.86230541e-01  4.03541123e-01  4.13722846e-01  4.20375808e-01
   4.22123601e-01  4.22989240e-01  4.13099070e-01  4.09518007e-01
   3.94113032e-01  3.74443744e-01  3.55569991e-01  3.32577319e-01
   3.02955627e-01  2.73856255e-01  2.42055200e-01  2.06130463e-01
   1.69509432e-01  1.30983532e-01  9.24703013e-02  5.19825492e-02
   1.23693209e-02]
 [ 1.15383978e-02 -4.55488591e-02 -1.01078864e-01 -1.53767648e-01
  -2.06628840e-01 -2.55534463e-01 -3.02182604e-01 -3.43456087e-01
  -3.83416752e-01 -4.15890352e-01 -4.48057637e-01 -4.69977083e-01
  -4.83982413e-01 -5.02274422e-01 -5.07785875e-01 -5.07715578e-01
  -5.02555221e-01 -4.86378353e-01 -4.73729110e-01 -4.47468793e-01
  -4.17965263e-01 -3.87297202e-01 -3.46065806e-01 -3.02205782e-01
  -2.57062783e-01 -2.06122963e-01 -1.55091848e-01 -1.00303998e-01
  -4.30124359e-02  1.49113882e-02  6.97344136e-02  1.29460569e-01
   1.83902734e-01  2.37829939e-01  2.91900637e-01  3.47081912e-01
   3.88134859e-01  4.30677909e-01  4.75202904e-01  5.03288113e-01
   5.37492693e-01  5.55340801e-01  5.78845584e-01  5.87312693e-01
   6.01686653e-01  5.95684088e-01  5.82998294e-01  5.79815475e-01
   5.62372551e-01  5.35107857e-01  5.10778090e-01  4.74441953e-01
   4.36701316e-01  3.94298692e-01  3.48418272e-01  2.96957057e-01
   2.39402228e-01  1.88035812e-01  1.30645257e-01  7.20996967e-02
   1.31048681e-02]
 [ 1.23108664e-02 -6.05878597e-02 -1.33178851e-01 -2.02979628e-01
  -2.69205809e-01 -3.36342968e-01 -3.98097265e-01 -4.51176751e-01
  -5.00868683e-01 -5.45182714e-01 -5.83551487e-01 -6.13628598e-01
  -6.34684776e-01 -6.57245311e-01 -6.64792116e-01 -6.70079596e-01
  -6.59670505e-01 -6.47126701e-01 -6.27490931e-01 -5.95992669e-01
  -5.57643716e-01 -5.17231290e-01 -4.72555286e-01 -4.17879834e-01
  -3.58842469e-01 -2.95302378e-01 -2.27726223e-01 -1.58230685e-01
  -8.72485764e-02 -1.19099924e-02  6.05243325e-02  1.35092732e-01
   2.06904591e-01  2.75710102e-01  3.50394002e-01  4.16705335e-01
   4.68936453e-01  5.27450882e-01  5.83783467e-01  6.25701733e-01
   6.56300630e-01  6.92470139e-01  7.21859827e-01  7.36903682e-01
   7.50714338e-01  7.56202732e-01  7.41625887e-01  7.22886559e-01
   6.99226982e-01  6.70596083e-01  6.44475561e-01  5.99693762e-01
   5.50902984e-01  4.90001022e-01  4.33612458e-01  3.72970025e-01
   3.08875209e-01  2.36800657e-01  1.63445754e-01  8.94641508e-02
   1.27129074e-02]
 [ 1.23127187e-02 -7.33834677e-02 -1.57872919e-01 -2.42303684e-01
  -3.22025256e-01 -3.99108601e-01 -4.74042217e-01 -5.34291375e-01
  -5.93949166e-01 -6.46967371e-01 -6.95367547e-01 -7.30799271e-01
  -7.59991241e-01 -7.81537572e-01 -7.91012122e-01 -7.99531260e-01
  -7.99106237e-01 -7.77510530e-01 -7.43108061e-01 -7.15887341e-01
  -6.73458166e-01 -6.36233591e-01 -5.73941011e-01 -5.14882975e-01
  -4.43778092e-01 -3.69156838e-01 -2.90332109e-01 -2.11595657e-01
  -1.25634737e-01 -3.99792556e-02  4.71163605e-02  1.36276590e-01
   2.23057731e-01  3.01594666e-01  3.87945121e-01  4.68009647e-01
   5.28053517e-01  6.03145093e-01  6.67093878e-01  7.10607555e-01
   7.62835460e-01  7.98661424e-01  8.31773726e-01  8.48451323e-01
   8.55115091e-01  8.59501602e-01  8.60800546e-01  8.52154796e-01
   8.21438283e-01  7.91103566e-01  7.46000497e-01  6.99071895e-01
   6.43855121e-01  5.78884955e-01  5.10165145e-01  4.36994858e-01
   3.52537946e-01  2.72122942e-01  1.89689244e-01  1.02500269e-01
   1.32863623e-02]
 [ 1.24021737e-02 -8.32825281e-02 -1.77660507e-01 -2.68317200e-01
  -3.58035388e-01 -4.42243467e-01 -5.25654902e-01 -5.99398969e-01
  -6.65814597e-01 -7.23955956e-01 -7.74876932e-01 -8.21553891e-01
  -8.57005758e-01 -8.80667937e-01 -8.91206120e-01 -9.02291179e-01
  -8.86989208e-01 -8.74618560e-01 -8.46867818e-01 -8.12799899e-01
  -7.59547095e-01 -7.16370189e-01 -6.51520627e-01 -5.87808589e-01
  -5.08437143e-01 -4.25694886e-01 -3.39392795e-01 -2.49057387e-01
  -1.59313750e-01 -6.37253366e-02  3.29898120e-02  1.28026948e-01
   2.23843745e-01  3.14980826e-01  4.08524904e-01  4.84855763e-01
   5.66982534e-01  6.52709986e-01  7.12042047e-01  7.78394507e-01
   8.23824643e-01  8.65344767e-01  8.94860056e-01  9.21913464e-01
   9.41124768e-01  9.35229144e-01  9.45005537e-01  9.27602913e-01
   8.93567758e-01  8.44910381e-01  8.21032370e-01  7.60785354e-01
   7.06102767e-01  6.39362534e-01  5.60948783e-01  4.80023280e-01
   3.88182488e-01  2.98416759e-01  2.08102929e-01  1.11862256e-01
   1.47532689e-02]
 [ 1.25942714e-02 -8.87451379e-02 -1.89714448e-01 -2.86610756e-01
  -3.79892847e-01 -4.71711756e-01 -5.57301700e-01 -6.30975485e-01
  -7.04431638e-01 -7.66396640e-01 -8.22386326e-01 -8.65941556e-01
  -9.05994920e-01 -9.31687468e-01 -9.47558135e-01 -9.54037886e-01
  -9.52502837e-01 -9.27773970e-01 -9.01933986e-01 -8.57262804e-01
  -8.26172438e-01 -7.63748146e-01 -6.97151992e-01 -6.29258412e-01
  -5.51039595e-01 -4.60501920e-01 -3.74570003e-01 -2.79211701e-01
  -1.84293088e-01 -8.51095625e-02  1.75315289e-02  1.18803518e-01
   2.17207613e-01  3.13928582e-01  4.07658346e-01  5.01704225e-01
   5.89882630e-01  6.64617319e-01  7.38457912e-01  7.97678048e-01
   8.58033798e-01  8.96207023e-01  9.42642531e-01  9.68043265e-01
   9.79865389e-01  9.76685174e-01  9.87572690e-01  9.59516447e-01
   9.35001389e-01  8.95237681e-01  8.53382892e-01  7.95323799e-01
   7.34927015e-01  6.63323752e-01  5.84809905e-01  5.03425803e-01
   4.10457980e-01  3.15261533e-01  2.16531403e-01  1.16395540e-01
   1.51039571e-02]
 [ 1.27419086e-02 -9.00542416e-02 -1.90800538e-01 -2.89181976e-01
  -3.83672258e-01 -4.72879061e-01 -5.58146290e-01 -6.37976800e-01
  -7.08851055e-01 -7.78736367e-01 -8.30936081e-01 -8.76758407e-01
  -9.24483952e-01 -9.43230641e-01 -9.52507494e-01 -9.64187170e-01
  -9.55054262e-01 -9.44790469e-01 -9.16104269e-01 -8.84539701e-01
  -8.39020489e-01 -7.83394696e-01 -7.13166180e-01 -6.50278895e-01
  -5.69482031e-01 -4.86898018e-01 -3.94870925e-01 -2.98677551e-01
  -1.99468900e-01 -1.01226116e-01 -7.82305279e-04  1.06671854e-01
   2.03110196e-01  2.98514955e-01  3.98763295e-01  4.90123646e-01
   5.76878903e-01  6.53878222e-01  7.33163903e-01  7.89986672e-01
   8.48880207e-01  8.90230848e-01  9.27218300e-01  9.58762977e-01
   9.77200364e-01  9.72640803e-01  9.78797722e-01  9.58268450e-01
   9.29640766e-01  8.83318389e-01  8.48302594e-01  7.94493924e-01
   7.34773906e-01  6.61361837e-01  5.86585612e-01  5.01901312e-01
   4.06669105e-01  3.14695561e-01  2.16846868e-01  1.16432571e-01
   1.70741391e-02]
 [ 1.20696316e-02 -8.60034377e-02 -1.83424155e-01 -2.78609932e-01
  -3.68317901e-01 -4.57566132e-01 -5.40764111e-01 -6.19524264e-01
  -6.91318400e-01 -7.51576557e-01 -8.08138817e-01 -8.55971322e-01
  -8.88625417e-01 -9.15913819e-01 -9.31871087e-01 -9.38677957e-01
  -9.30673257e-01 -9.20274294e-01 -8.96114349e-01 -8.47753541e-01
  -8.15318803e-01 -7.69912403e-01 -7.02117954e-01 -6.37524802e-01
  -5.62188082e-01 -4.82777218e-01 -3.95397800e-01 -3.02393337e-01
  -2.10266690e-01 -1.11984975e-01 -1.57440604e-02  8.29596928e-02
   1.77180560e-01  2.77042141e-01  3.69261816e-01  4.51483060e-01
   5.38174905e-01  6.12842743e-01  6.80691725e-01  7.50234660e-01
   8.00744799e-01  8.52786902e-01  8.87392625e-01  9.00450768e-01
   9.25178211e-01  9.29070473e-01  9.24943154e-01  9.21160906e-01
   8.90372067e-01  8.60171361e-01  8.16043148e-01  7.61208858e-01
   7.00436549e-01  6.29921721e-01  5.58975797e-01  4.78341062e-01
   3.91982568e-01  3.02830223e-01  2.08599280e-01  1.11997386e-01
   1.42682455e-02]
 [ 1.18058200e-02 -7.92141474e-02 -1.68317662e-01 -2.54712536e-01
  -3.41743592e-01 -4.19767223e-01 -4.98241852e-01 -5.68071604e-01
  -6.34319437e-01 -6.95179092e-01 -7.43269726e-01 -7.82852249e-01
  -8.14622910e-01 -8.39376552e-01 -8.67631968e-01 -8.67149942e-01
  -8.65069591e-01 -8.51918710e-01 -8.26091839e-01 -8.03450293e-01
  -7.56714245e-01 -7.11613043e-01 -6.57687957e-01 -5.97402019e-01
  -5.26312106e-01 -4.57098891e-01 -3.76515661e-01 -2.90852510e-01
  -2.08492970e-01 -1.19078124e-01 -2.92915895e-02  6.01243354e-02
   1.48228286e-01  2.37155627e-01  3.20931459e-01  3.95284834e-01
   4.81388230e-01  5.42919006e-01  6.15563337e-01  6.72357336e-01
   7.22610222e-01  7.62119840e-01  7.95083020e-01  8.22261815e-01
   8.35209045e-01  8.47227092e-01  8.45092280e-01  8.30103923e-01
   8.07959292e-01  7.77871347e-01  7.38561341e-01  6.95564524e-01
   6.38584634e-01  5.79272260e-01  5.11311442e-01  4.35550449e-01
   3.56959777e-01  2.75128857e-01  1.90255079e-01  1.02422335e-01
   1.38793407e-02]
 [ 1.09880878e-02 -6.75429553e-02 -1.43435828e-01 -2.19582972e-01
  -2.94938944e-01 -3.65379576e-01 -4.31528154e-01 -4.95770738e-01
  -5.49460161e-01 -6.06033329e-01 -6.44102646e-01 -6.88193038e-01
  -7.08555954e-01 -7.37967320e-01 -7.43255624e-01 -7.59217382e-01
  -7.55015945e-01 -7.42950830e-01 -7.32276990e-01 -7.05581691e-01
  -6.69020663e-01 -6.27594224e-01 -5.81527874e-01 -5.36497984e-01
  -4.75661144e-01 -4.04577149e-01 -3.42742116e-01 -2.70735113e-01
  -1.94134248e-01 -1.20380480e-01 -4.41069091e-02  3.50501740e-02
   1.09331903e-01  1.86536707e-01  2.54647998e-01  3.29091374e-01
   3.97323258e-01  4.60306088e-01  5.19132112e-01  5.59232035e-01
   6.14113838e-01  6.43553365e-01  6.77250663e-01  6.97552864e-01
   7.12978781e-01  7.21164893e-01  7.15660344e-01  7.08989595e-01
   6.90871680e-01  6.63847668e-01  6.34926194e-01  5.99472752e-01
   5.50006760e-01  4.98170357e-01  4.37385530e-01  3.71000672e-01
   3.08110625e-01  2.36472456e-01  1.64930395e-01  8.83542889e-02
   1.22045449e-02]
 [ 9.97186055e-03 -5.14705071e-02 -1.14210406e-01 -1.75291049e-01
  -2.33683389e-01 -2.92240376e-01 -3.47053618e-01 -3.97440616e-01
  -4.46826301e-01 -4.86434829e-01 -5.22277426e-01 -5.50705104e-01
  -5.81307646e-01 -5.93670366e-01 -6.10482645e-01 -6.19392565e-01
  -6.17434929e-01 -6.04774451e-01 -6.00079813e-01 -5.77974707e-01
  -5.53458922e-01 -5.19427163e-01 -4.86140975e-01 -4.45298267e-01
  -3.98108895e-01 -3.43809241e-01 -2.92554270e-01 -2.35843693e-01
  -1.76902425e-01 -1.15870216e-01 -5.59581662e-02  6.60489857e-03
   7.03025542e-02  1.30075300e-01  1.87427407e-01  2.44798912e-01
   2.94989664e-01  3.49399497e-01  3.95276403e-01  4.35455802e-01
   4.71738240e-01  4.97022097e-01  5.29854327e-01  5.44361281e-01
   5.63486832e-01  5.62508887e-01  5.61425361e-01  5.58404215e-01
   5.42606539e-01  5.19312813e-01  5.00099581e-01  4.64552450e-01
   4.29390810e-01  3.93476130e-01  3.49143364e-01  2.99044993e-01
   2.47720573e-01  1.90168681e-01  1.32343058e-01  7.22527348e-02
   1.11989329e-02]
 [ 9.42854330e-03 -3.52605745e-02 -7.98819760e-02 -1.22850928e-01
  -1.66183771e-01 -2.06085065e-01 -2.46930139e-01 -2.80236773e-01
  -3.18005207e-01 -3.48454771e-01 -3.73438394e-01 -3.96661725e-01
  -4.16920627e-01 -4.30624226e-01 -4.40141325e-01 -4.48995879e-01
  -4.48741522e-01 -4.45944620e-01 -4.39500734e-01 -4.25549569e-01
  -4.02324670e-01 -3.90309129e-01 -3.62293362e-01 -3.31140593e-01
  -2.99931080e-01 -2.65027601e-01 -2.30120849e-01 -1.88630833e-01
  -1.48869723e-01 -1.04847093e-01 -6.25761176e-02 -1.80723079e-02
   2.44700176e-02  6.84254515e-02  1.10515567e-01  1.48949632e-01
   1.86088557e-01  2.23688209e-01  2.57634113e-01  2.85633461e-01
   3.12840341e-01  3.35940344e-01  3.51646480e-01  3.66140335e-01
   3.76097092e-01  3.82429991e-01  3.89126279e-01  3.83074939e-01
   3.71086532e-01  3.64059881e-01  3.46714621e-01  3.26435848e-01
   3.01817746e-01  2.72558157e-01  2.43905170e-01  2.08896777e-01
   1.70401298e-01  1.32418088e-01  9.35736923e-02  5.10608420e-02
   1.01589249e-02]
 [ 8.17344097e-03 -1.54554362e-02 -4.05617097e-02 -6.47498786e-02
  -8.89597430e-02 -1.13140042e-01 -1.35083262e-01 -1.55036258e-01
  -1.75337514e-01 -1.91881540e-01 -2.08024485e-01 -2.21493614e-01
  -2.36641120e-01 -2.44680496e-01 -2.52212755e-01 -2.58764354e-01
  -2.57573617e-01 -2.58590645e-01 -2.53346434e-01 -2.52533391e-01
  -2.46527530e-01 -2.34759886e-01 -2.22040056e-01 -2.09947923e-01
  -1.92066099e-01 -1.75935650e-01 -1.56844102e-01 -1.35867062e-01
  -1.12203863e-01 -9.02533813e-02 -6.91793856e-02 -4.43417596e-02
  -2.14432480e-02  2.02372442e-03  2.37988357e-02  5.02386165e-02
   6.87687112e-02  8.83471703e-02  1.07068770e-01  1.24540438e-01
   1.39687132e-01  1.53323349e-01  1.64439097e-01  1.73378582e-01
   1.82278386e-01  1.88704939e-01  1.88714108e-01  1.88504011e-01
   1.83468251e-01  1.81532940e-01  1.75225152e-01  1.66551801e-01
   1.54832488e-01  1.41663934e-01  1.26193286e-01  1.09795514e-01
   9.11393704e-02  7.16025600e-02  5.15470682e-02  3.05345754e-02
   9.07878073e-03]
 [ 7.32259818e-03  4.24860387e-03  7.77073340e-04 -3.31189751e-03
  -7.15439428e-03 -1.15249836e-02 -1.62006760e-02 -1.98507907e-02
  -2.48017843e-02 -2.95246327e-02 -3.41358906e-02 -3.85215812e-02
  -4.27954204e-02 -4.78841330e-02 -5.04235079e-02 -5.38318146e-02
  -5.73658801e-02 -6.22510496e-02 -6.52753902e-02 -6.88781130e-02
  -7.11826878e-02 -7.25798617e-02 -7.44429389e-02 -7.47710442e-02
  -7.58374562e-02 -7.61864306e-02 -7.64754447e-02 -7.54187364e-02
  -7.46063578e-02 -7.19122565e-02 -6.76382679e-02 -6.85646279e-02
  -6.46587806e-02 -6.30729182e-02 -5.91898643e-02 -5.70566180e-02
  -5.39907385e-02 -4.95275637e-02 -4.62784835e-02 -3.97668791e-02
  -3.64345992e-02 -3.41342954e-02 -3.01620771e-02 -2.58013980e-02
  -2.26274391e-02 -1.91098993e-02 -1.44469366e-02 -1.15047071e-02
  -1.07274651e-02 -5.61060631e-03 -2.69637782e-03 -4.52379069e-04
   1.69599528e-03  3.41603627e-03  4.97695180e-03  5.99354854e-03
   7.14887977e-03  7.31696150e-03  7.67725125e-03  7.53231680e-03
   6.96872820e-03]
 [ 6.11355617e-03  2.48224723e-02  4.24407714e-02  5.95196799e-02
   7.41894687e-02  9.01997340e-02  1.03638718e-01  1.15670807e-01
   1.26791780e-01  1.35046294e-01  1.42448006e-01  1.47989159e-01
   1.51246731e-01  1.50522096e-01  1.51516573e-01  1.49110731e-01
   1.43420959e-01  1.38186546e-01  1.30332548e-01  1.18567165e-01
   1.08187746e-01  9.38032315e-02  7.80688988e-02  6.27835074e-02
   4.54830455e-02  2.69331574e-02  7.87764525e-03 -1.11123368e-02
  -3.06392304e-02 -4.90983997e-02 -7.03870886e-02 -8.92724232e-02
  -1.05237477e-01 -1.25735986e-01 -1.43800977e-01 -1.57512276e-01
  -1.74006012e-01 -1.86357532e-01 -1.97763339e-01 -2.05397911e-01
  -2.13802999e-01 -2.19568879e-01 -2.25264631e-01 -2.26693472e-01
  -2.25165005e-01 -2.22103607e-01 -2.20284580e-01 -2.12192218e-01
  -2.03266059e-01 -1.93428687e-01 -1.79862615e-01 -1.67188511e-01
  -1.51914507e-01 -1.34713051e-01 -1.16684758e-01 -9.65889216e-02
  -7.71686970e-02 -5.76982316e-02 -3.67106934e-02 -1.53386190e-02
   5.49693464e-03]
 [ 4.95593244e-03  4.41547268e-02  8.25364367e-02  1.19506189e-01
   1.54235667e-01  1.86138905e-01  2.19880731e-01  2.46048741e-01
   2.72807485e-01  2.95521283e-01  3.14444041e-01  3.28319107e-01
   3.39913045e-01  3.47897413e-01  3.47599491e-01  3.45314655e-01
   3.43204206e-01  3.32915224e-01  3.19909180e-01  3.02995902e-01
   2.80803849e-01  2.55599918e-01  2.27887613e-01  1.96459339e-01
   1.64834924e-01  1.30612808e-01  9.19404985e-02  5.36269067e-02
   1.42839491e-02 -2.55213205e-02 -6.59677799e-02 -1.05974618e-01
  -1.42847950e-01 -1.82289174e-01 -2.16629067e-01 -2.54645644e-01
  -2.86543901e-01 -3.13757424e-01 -3.41250609e-01 -3.57917573e-01
  -3.78906590e-01 -4.01500208e-01 -4.06155892e-01 -4.17218100e-01
  -4.21177447e-01 -4.17438012e-01 -4.12984347e-01 -4.01343137e-01
  -3.89861208e-01 -3.72001327e-01 -3.52024092e-01 -3.26822310e-01
  -2.95674693e-01 -2.65373074e-01 -2.32875901e-01 -1.95362531e-01
  -1.57373408e-01 -1.19648604e-01 -7.91265290e-02 -3.73878969e-02
   4.22923753e-03]
 [ 4.19097542e-03  6.24182339e-02  1.19111897e-01  1.73666838e-01
   2.27455194e-01  2.78213893e-01  3.25545955e-01  3.68438923e-01
   4.06247120e-01  4.39614598e-01  4.72520332e-01  4.96683600e-01
   5.15409958e-01  5.28357949e-01  5.26700531e-01  5.30807312e-01
   5.24726883e-01  5.12437489e-01  4.98829121e-01  4.72187840e-01
   4.44477044e-01  4.10777407e-01  3.68896289e-01  3.21815192e-01
   2.79043125e-01  2.29169343e-01  1.74011971e-01  1.16950560e-01
   6.12677233e-02 -6.03372058e-04 -5.76585220e-02 -1.16032668e-01
  -1.75685100e-01 -2.28236173e-01 -2.84646785e-01 -3.37693292e-01
  -3.84452538e-01 -4.30991286e-01 -4.68820786e-01 -5.01481063e-01
  -5.28283706e-01 -5.53727284e-01 -5.73625620e-01 -5.89449806e-01
  -5.92626988e-01 -5.96801319e-01 -5.87303465e-01 -5.79604339e-01
  -5.55683962e-01 -5.31994122e-01 -5.06998464e-01 -4.70241998e-01
  -4.32037759e-01 -3.89980571e-01 -3.39627066e-01 -2.86608289e-01
  -2.32883883e-01 -1.74809715e-01 -1.18092337e-01 -5.73802319e-02
   2.13006435e-03]
 [ 3.30340064e-03  7.71085163e-02  1.51179767e-01  2.21673106e-01
   2.90496837e-01  3.54742284e-01  4.17633610e-01  4.74994822e-01
   5.27770777e-01  5.72703078e-01  6.11454868e-01  6.43342872e-01
   6.64204756e-01  6.81332466e-01  6.89666034e-01  6.91522852e-01
   6.85003858e-01  6.75418990e-01  6.51831759e-01  6.21190124e-01
   5.87748855e-01  5.45563922e-01  4.88742073e-01  4.39641104e-01
   3.77975087e-01  3.11689886e-01  2.46001176e-01  1.75743235e-01
   1.02538834e-01  2.69930770e-02 -4.61627954e-02 -1.21435531e-01
  -1.89515731e-01 -2.68427263e-01 -3.33852344e-01 -4.03825402e-01
  -4.63212954e-01 -5.21879585e-01 -5.76976519e-01 -6.11992764e-01
  -6.64490789e-01 -6.87875118e-01 -7.06327777e-01 -7.27727793e-01
  -7.49408264e-01 -7.46873712e-01 -7.33592578e-01 -7.22753096e-01
  -7.00316376e-01 -6.74098573e-01 -6.35467950e-01 -5.96486906e-01
  -5.48102716e-01 -4.89339079e-01 -4.25945656e-01 -3.64911757e-01
  -2.95299904e-01 -2.23656642e-01 -1.51922822e-01 -7.50369555e-02
   8.85854084e-04]
 [ 2.26857126e-03  9.00743647e-02  1.75018890e-01  2.59401722e-01
   3.40535520e-01  4.17885985e-01  4.94090887e-01  5.60393906e-01
   6.19799906e-01  6.76080232e-01  7.16421901e-01  7.57001753e-01
   7.91632150e-01  8.03414434e-01  8.26974693e-01  8.24260905e-01
   8.18675228e-01  8.03697563e-01  7.78037213e-01  7.38593513e-01
   7.05119209e-01  6.50521513e-01  5.94228877e-01  5.36272169e-01
   4.62849141e-01  3.86158793e-01  3.10111523e-01  2.26363990e-01
   1.42704504e-01  5.28736725e-02 -3.73356255e-02 -1.24416712e-01
  -2.11960781e-01 -2.96803918e-01 -3.80695152e-01 -4.51249049e-01
  -5.30307630e-01 -5.95733940e-01 -6.52678105e-01 -7.17057703e-01
  -7.49392489e-01 -8.01949363e-01 -8.27070384e-01 -8.46225887e-01
  -8.54438847e-01 -8.64646170e-01 -8.62516593e-01 -8.35275673e-01
  -8.21853829e-01 -7.88503379e-01 -7.39797028e-01 -6.90304265e-01
  -6.35814026e-01 -5.73285098e-01 -5.05766835e-01 -4.27164889e-01
  -3.49400029e-01 -2.60666131e-01 -1.78034861e-01 -8.81620343e-02
  -3.65419588e-04]
 [ 1.64026707e-03  9.86772715e-02  1.94007610e-01  2.87718223e-01
   3.80047303e-01  4.60938496e-01  5.45861509e-01  6.20280262e-01
   6.88081229e-01  7.51045206e-01  7.97503372e-01  8.45948162e-01
   8.81004749e-01  9.04064917e-01  9.14130544e-01  9.22050891e-01
   9.14355833e-01  8.96628219e-01  8.65347002e-01  8.39588772e-01
   7.83798128e-01  7.30611818e-01  6.74532320e-01  6.04106132e-01
   5.23787468e-01  4.49277699e-01  3.60080854e-01  2.66765379e-01
   1.71477493e-01  7.60162069e-02 -2.20363916e-02 -1.15206978e-01
  -2.09174028e-01 -3.06296687e-01 -3.99424220e-01 -4.89137190e-01
  -5.64277403e-01 -6.49685027e-01 -7.03467120e-01 -7.63986789e-01
  -8.20258317e-01 -8.51914473e-01 -8.89339394e-01 -9.28001557e-01
  -9.42139459e-01 -9.54163429e-01 -9.31799379e-01 -9.23600306e-01
  -8.93338610e-01 -8.51721216e-01 -8.08147119e-01 -7.65190333e-01
  -7.00440054e-01 -6.27162804e-01 -5.49308790e-01 -4.66293672e-01
  -3.80603498e-01 -2.91182279e-01 -1.96378326e-01 -1.00624284e-01
  -1.35266500e-03]
 [ 8.45139743e-04  1.03036889e-01  2.04432016e-01  3.01199802e-01
   3.98303110e-01  4.90644150e-01  5.74429513e-01  6.55802791e-01
   7.23641157e-01  7.95275698e-01  8.36766254e-01  8.97913056e-01
   9.26100741e-01  9.57318245e-01  9.71667710e-01  9.75427190e-01
   9.74999880e-01  9.43928696e-01  9.28238926e-01  8.89813981e-01
   8.46300497e-01  7.86521025e-01  7.17006346e-01  6.45805776e-01
   5.65591854e-01  4.79819481e-01  3.90236004e-01  2.92660231e-01
   1.97789847e-01  9.57389870e-02 -7.39397888e-03 -1.07906187e-01
  -2.09259768e-01 -3.08863580e-01 -4.00396880e-01 -4.94138333e-01
  -5.89797820e-01 -6.51237534e-01 -7.34301046e-01 -7.95075913e-01
  -8.49921297e-01 -8.90229771e-01 -9.20439292e-01 -9.59392755e-01
  -9.73908484e-01 -9.86077813e-01 -9.82076321e-01 -9.59504591e-01
  -9.40110241e-01 -8.92254382e-01 -8.54832834e-01 -7.93794639e-01
  -7.32953109e-01 -6.59070721e-01 -5.75586219e-01 -4.92006328e-01
  -4.00480885e-01 -3.02827466e-01 -2.03568302e-01 -1.03702809e-01
  -1.72933840e-03]
 [ 1.10575748e-04  1.03291447e-01  2.03711466e-01  3.04251009e-01
   4.00853955e-01  4.93343538e-01  5.77748295e-01  6.62335874e-01
   7.32031265e-01  8.02496691e-01  8.54061999e-01  9.00934475e-01
   9.33966489e-01  9.63953839e-01  9.83881098e-01  9.95372527e-01
   9.72992773e-01  9.62488020e-01  9.43133838e-01  9.00179447e-01
   8.62908054e-01  7.97775090e-01  7.28729474e-01  6.63716107e-01
   5.88404345e-01  5.00355063e-01  4.06464185e-01  3.12996701e-01
   2.14420070e-01  1.11677780e-01  8.59493908e-03 -9.55860107e-02
  -1.91857012e-01 -2.93484197e-01 -3.94434813e-01 -4.79105750e-01
  -5.75737235e-01 -6.55587832e-01 -7.28471619e-01 -7.85815018e-01
  -8.46444487e-01 -9.03540091e-01 -9.28400320e-01 -9.55401748e-01
  -9.77733130e-01 -9.82363054e-01 -9.70434874e-01 -9.61439436e-01
  -9.20744523e-01 -8.93529108e-01 -8.53174404e-01 -7.95673258e-01
  -7.31278228e-01 -6.55222239e-01 -5.75346548e-01 -4.94973288e-01
  -4.01001305e-01 -3.06699792e-01 -2.05844368e-01 -1.04498215e-01
  -2.55262354e-03]
 [-3.65012321e-04  9.89467818e-02  1.97221107e-01  2.93610249e-01
   3.83167443e-01  4.73926031e-01  5.56780208e-01  6.35337889e-01
   7.08352161e-01  7.67833516e-01  8.32119466e-01  8.73712890e-01
   9.00520343e-01  9.37211982e-01  9.49181952e-01  9.61708046e-01
   9.47687501e-01  9.37763019e-01  9.18574156e-01  8.83295432e-01
   8.45729000e-01  7.88541314e-01  7.25226763e-01  6.58621879e-01
   5.75477109e-01  4.96121948e-01  4.11231711e-01  3.16999807e-01
   2.23238334e-01  1.23843813e-01  2.54960881e-02 -7.67940612e-02
  -1.71112446e-01 -2.68070316e-01 -3.58804547e-01 -4.48755360e-01
  -5.27258106e-01 -6.15963403e-01 -6.86346444e-01 -7.49637326e-01
  -8.01521231e-01 -8.44494239e-01 -8.86821418e-01 -9.07093465e-01
  -9.12626679e-01 -9.31292673e-01 -9.33115395e-01 -9.18339778e-01
  -8.87257574e-01 -8.55403835e-01 -8.14102343e-01 -7.56417189e-01
  -6.97402516e-01 -6.30649795e-01 -5.52947123e-01 -4.71043837e-01
  -3.85329000e-01 -2.90339513e-01 -1.99001753e-01 -1.01512523e-01
  -3.15110048e-03]
 [-6.82798246e-04  9.03493768e-02  1.80341739e-01  2.68732673e-01
   3.54116706e-01  4.35109827e-01  5.15195417e-01  5.85634777e-01
   6.55026849e-01  7.15136878e-01  7.62449152e-01  8.01404192e-01
   8.35578782e-01  8.71438631e-01  8.86379623e-01  8.86985679e-01
   8.91112249e-01  8.75716584e-01  8.45001469e-01  8.19619686e-01
   7.76481321e-01  7.31511913e-01  6.78898965e-01  6.13289166e-01
   5.41829168e-01  4.63708985e-01  3.89741692e-01  3.07516735e-01
   2.18374167e-01  1.30743223e-01  3.87797597e-02 -5.23878589e-02
  -1.41835053e-01 -2.29286777e-01 -3.16504900e-01 -3.99636153e-01
  -4.74114489e-01 -5.37975042e-01 -6.15476102e-01 -6.69801259e-01
  -7.26442879e-01 -7.68488611e-01 -8.02931762e-01 -8.25877455e-01
  -8.39067275e-01 -8.42162657e-01 -8.36723042e-01 -8.30072203e-01
  -8.05322571e-01 -7.78265357e-01 -7.40568621e-01 -6.97064240e-01
  -6.36587132e-01 -5.72669826e-01 -5.03589060e-01 -4.32165969e-01
  -3.53353981e-01 -2.65690416e-01 -1.80757763e-01 -9.17532471e-02
  -2.99653092e-03]
 [-9.81974110e-04  7.74210375e-02  1.55912550e-01  2.34373184e-01
   3.08174347e-01  3.79731340e-01  4.50200113e-01  5.12912985e-01
   5.68930606e-01  6.24346373e-01  6.65089743e-01  7.06600758e-01
   7.31479937e-01  7.54439879e-01  7.75590171e-01  7.80942600e-01
   7.80627851e-01  7.61694536e-01  7.48316808e-01  7.23396117e-01
   6.92204220e-01  6.41661695e-01  6.02350849e-01  5.49410239e-01
   4.89626492e-01  4.17685067e-01  3.55706272e-01  2.81359954e-01
   2.06298170e-01  1.29766844e-01  5.06982181e-02 -2.70135769e-02
  -1.06606282e-01 -1.82342385e-01 -2.55660677e-01 -3.23735931e-01
  -3.90255604e-01 -4.52653038e-01 -5.12710865e-01 -5.65300199e-01
  -6.05417592e-01 -6.51858339e-01 -6.83433452e-01 -7.00364557e-01
  -7.08269438e-01 -7.21460444e-01 -7.18616325e-01 -7.14257476e-01
  -6.86873650e-01 -6.72561379e-01 -6.30314758e-01 -5.93300855e-01
  -5.49545357e-01 -4.91748428e-01 -4.35920851e-01 -3.72018921e-01
  -3.03743058e-01 -2.31621579e-01 -1.57587400e-01 -7.94111502e-02
  -3.04088654e-03]
 [-1.00949197e-03  6.19477410e-02  1.26029271e-01  1.88668902e-01
   2.49552285e-01  3.06373778e-01  3.64591773e-01  4.16235106e-01
   4.60789794e-01  5.02025704e-01  5.43426141e-01  5.71083711e-01
   5.90260775e-01  6.12016502e-01  6.32420500e-01  6.36184306e-01
   6.33061986e-01  6.31071342e-01  6.16408776e-01  5.86202066e-01
   5.61853117e-01  5.41431626e-01  4.94928942e-01  4.57117908e-01
   4.11596616e-01  3.58522231e-01  3.03624818e-01  2.45445685e-01
   1.86199505e-01  1.24986110e-01  6.15917920e-02 -2.69900757e-03
  -6.42372545e-02 -1.25890830e-01 -1.86278190e-01 -2.42770074e-01
  -2.96736004e-01 -3.46100490e-01 -3.92586391e-01 -4.37461031e-01
  -4.68107057e-01 -5.00976224e-01 -5.30077942e-01 -5.51147557e-01
  -5.57178624e-01 -5.70859507e-01 -5.66569722e-01 -5.60006175e-01
  -5.46323103e-01 -5.28958651e-01 -5.01673703e-01 -4.72840734e-01
  -4.32453607e-01 -3.93403555e-01 -3.43839938e-01 -2.94299743e-01
  -2.40435967e-01 -1.84641367e-01 -1.25782076e-01 -6.51004833e-02
  -2.81053299e-03]
 [-1.03278248e-03  4.45235343e-02  8.98435473e-02  1.32016777e-01
   1.77065165e-01  2.20880692e-01  2.60103025e-01  2.97809749e-01
   3.32495999e-01  3.63919756e-01  3.92660357e-01  4.09234267e-01
   4.32471991e-01  4.49759031e-01  4.59984200e-01  4.60869733e-01
   4.60411379e-01  4.63153038e-01  4.51122196e-01  4.39765403e-01
   4.22149678e-01  3.99053908e-01  3.75575722e-01  3.44445677e-01
   3.12436632e-01  2.76383877e-01  2.40097079e-01  1.98110342e-01
   1.57354052e-01  1.14033244e-01  6.92847429e-02  2.38923922e-02
  -2.10523836e-02 -6.45367910e-02 -1.07140445e-01 -1.46726725e-01
  -1.87841833e-01 -2.23895171e-01 -2.57186256e-01 -2.86113009e-01
  -3.11764865e-01 -3.32661974e-01 -3.55410748e-01 -3.71756594e-01
  -3.83748298e-01 -3.87233364e-01 -3.88097053e-01 -3.83411087e-01
  -3.76801622e-01 -3.58416052e-01 -3.46137847e-01 -3.24364038e-01
  -3.01371532e-01 -2.72694017e-01 -2.40088783e-01 -2.05934485e-01
  -1.69101154e-01 -1.27695395e-01 -8.69529539e-02 -4.47330220e-02
  -2.12197933e-03]
 [-1.02796667e-03  2.41816917e-02  4.90247416e-02  7.45881157e-02
   9.86531282e-02  1.23672190e-01  1.46293017e-01  1.68185563e-01
   1.86253752e-01  2.07189178e-01  2.22548473e-01  2.36317381e-01
   2.50548765e-01  2.61735593e-01  2.68228197e-01  2.69884257e-01
   2.72814527e-01  2.72614402e-01  2.73490094e-01  2.62532664e-01
   2.58998390e-01  2.46591502e-01  2.32480163e-01  2.20391120e-01
   2.02539973e-01  1.83850054e-01  1.64577390e-01  1.42935632e-01
   1.20678580e-01  9.76039748e-02  7.35946535e-02  4.92455939e-02
   2.47856666e-02  2.61731763e-04 -2.31376555e-02 -4.62465999e-02
  -6.74686923e-02 -8.88684361e-02 -1.07546904e-01 -1.27325439e-01
  -1.43179487e-01 -1.57414570e-01 -1.68511414e-01 -1.74045558e-01
  -1.86711899e-01 -1.87268036e-01 -1.92947352e-01 -1.92690672e-01
  -1.88293913e-01 -1.83818391e-01 -1.77597805e-01 -1.67770410e-01
  -1.54550937e-01 -1.40337170e-01 -1.20497214e-01 -1.07182846e-01
  -8.70485990e-02 -6.67740447e-02 -4.63317706e-02 -2.41606227e-02
  -1.56608685e-03]
 [-8.79950153e-04  2.80177293e-03  6.78279249e-03  1.15049549e-02
   1.64572372e-02  2.11417730e-02  2.68186209e-02  3.11479687e-02
   3.68541489e-02  4.15266219e-02  4.73792258e-02  5.17278758e-02
   5.61384606e-02  6.07867157e-02  6.45736203e-02  6.91126700e-02
   7.20937976e-02  7.64006600e-02  7.85678040e-02  8.04311386e-02
   8.07882572e-02  8.39467557e-02  8.55623648e-02  8.53493796e-02
   8.43272723e-02  8.40528005e-02  8.22806195e-02  8.16964543e-02
   8.03397984e-02  7.77050472e-02  7.44454105e-02  7.23572552e-02
   6.86606514e-02  6.54914468e-02  6.15646754e-02  5.71053451e-02
   5.39128490e-02  4.94181963e-02  4.47864652e-02  4.04952354e-02
   3.58424163e-02  3.24775392e-02  2.80106094e-02  2.35859681e-02
   1.97268755e-02  1.56388149e-02  1.26881439e-02  9.52093299e-03
   4.36429457e-03  3.80103044e-03  1.70061530e-03 -1.77820606e-04
  -1.69518610e-03 -2.35017910e-03 -3.50275551e-03 -4.15915473e-03
  -4.24690863e-03 -3.69294007e-03 -2.89307159e-03 -2.16181186e-03
  -9.10087251e-04]
 [-7.26355930e-04 -1.84728881e-02 -3.59180259e-02 -5.22123385e-02
  -6.72369561e-02 -8.06746178e-02 -9.30255512e-02 -1.06166061e-01
  -1.16932861e-01 -1.24047565e-01 -1.32228387e-01 -1.36030459e-01
  -1.37671952e-01 -1.41073841e-01 -1.39145295e-01 -1.38051548e-01
  -1.33539223e-01 -1.27771687e-01 -1.19436484e-01 -1.08569377e-01
  -9.70206402e-02 -8.49758914e-02 -7.00277953e-02 -5.47634253e-02
  -3.79173812e-02 -2.04162991e-02 -2.35052699e-03  1.63930833e-02
   3.51021343e-02  5.51882768e-02  7.29141973e-02  9.06465548e-02
   1.09322240e-01  1.27094258e-01  1.43106051e-01  1.58528681e-01
   1.71398548e-01  1.84532936e-01  1.93201987e-01  2.05975319e-01
   2.12887219e-01  2.18362093e-01  2.23023465e-01  2.22657069e-01
   2.23829243e-01  2.19033928e-01  2.16048285e-01  2.09110399e-01
   2.01276594e-01  1.90646044e-01  1.79859580e-01  1.66152128e-01
   1.51515065e-01  1.35041198e-01  1.16650970e-01  9.97394081e-02
   7.92097934e-02  6.05911635e-02  4.04308624e-02  2.01223991e-02
  -3.20071935e-04]
 [-4.48713923e-04 -3.92003451e-02 -7.65955539e-02 -1.12684069e-01
  -1.47018748e-01 -1.80614918e-01 -2.10148764e-01 -2.39780295e-01
  -2.64391256e-01 -2.85314105e-01 -3.03167716e-01 -3.19018081e-01
  -3.28973459e-01 -3.35745869e-01 -3.39895295e-01 -3.35291743e-01
  -3.32755732e-01 -3.25066376e-01 -3.07458641e-01 -2.92673154e-01
  -2.67392399e-01 -2.47195689e-01 -2.22341223e-01 -1.89446352e-01
  -1.59050920e-01 -1.24161009e-01 -8.72812957e-02 -5.01777143e-02
  -1.07327565e-02  2.80530526e-02  6.73775451e-02  1.07963671e-01
   1.46113788e-01  1.82506947e-01  2.19249154e-01  2.50662518e-01
   2.76400599e-01  3.16218741e-01  3.35884609e-01  3.61504107e-01
   3.80122856e-01  3.96223763e-01  4.02721468e-01  4.10216819e-01
   4.16600329e-01  4.16198033e-01  4.05350267e-01  4.00812367e-01
   3.83754585e-01  3.68256774e-01  3.49243981e-01  3.22924391e-01
   2.93565787e-01  2.68293641e-01  2.32321901e-01  1.97570822e-01
   1.61341835e-01  1.20453315e-01  8.18100290e-02  4.11394038e-02
   5.31020944e-04]
 [-3.39916960e-04 -5.76268471e-02 -1.12402874e-01 -1.68416357e-01
  -2.22145330e-01 -2.71886691e-01 -3.16212430e-01 -3.60467138e-01
  -3.97598236e-01 -4.34100791e-01 -4.64639748e-01 -4.84370941e-01
  -5.08219230e-01 -5.17856873e-01 -5.18109406e-01 -5.19602945e-01
  -5.16485171e-01 -5.07420858e-01 -4.85097535e-01 -4.65384728e-01
  -4.35395251e-01 -3.99836257e-01 -3.60740118e-01 -3.20293004e-01
  -2.68201999e-01 -2.21846341e-01 -1.69670060e-01 -1.13087773e-01
  -5.81265737e-02  1.40914612e-03  5.89732423e-02  1.18631636e-01
   1.73679428e-01  2.28491235e-01  2.86690438e-01  3.31741433e-01
   3.83781296e-01  4.25199154e-01  4.66793077e-01  4.96317100e-01
   5.31309640e-01  5.56355938e-01  5.78239672e-01  5.88469437e-01
   5.92372049e-01  5.96579117e-01  5.80009397e-01  5.76440609e-01
   5.59626124e-01  5.28425630e-01  5.04811983e-01  4.66685496e-01
   4.34579837e-01  3.85309917e-01  3.39456872e-01  2.87586649e-01
   2.35489496e-01  1.77412662e-01  1.20601630e-01  6.09494905e-02
   6.83246089e-05]
 [-1.21831791e-04 -7.45006679e-02 -1.46627946e-01 -2.15942219e-01
  -2.86147684e-01 -3.49678409e-01 -4.12358266e-01 -4.70326078e-01
  -5.20480357e-01 -5.63836966e-01 -6.05861032e-01 -6.34010500e-01
  -6.54696508e-01 -6.69286491e-01 -6.83470945e-01 -6.80173349e-01
  -6.76657714e-01 -6.64056063e-01 -6.43229920e-01 -6.17653211e-01
  -5.70141391e-01 -5.36691843e-01 -4.89063482e-01 -4.29542127e-01
  -3.75246406e-01 -3.11988169e-01 -2.43146396e-01 -1.69987794e-01
  -9.86205372e-02 -2.47541640e-02  5.07774220e-02  1.22920981e-01
   1.99077954e-01  2.70419290e-01  3.34657877e-01  4.00364660e-01
   4.70399258e-01  5.27083203e-01  5.74145970e-01  6.14244540e-01
   6.59003382e-01  6.93134554e-01  7.15093624e-01  7.36202096e-01
   7.40570692e-01  7.42367151e-01  7.33327731e-01  7.29881598e-01
   7.02279767e-01  6.76113144e-01  6.21411106e-01  5.96121856e-01
   5.42843350e-01  4.87949400e-01  4.27399646e-01  3.62873821e-01
   2.97652192e-01  2.26999720e-01  1.52966387e-01  7.71277774e-02
   5.73364541e-04]
 [-1.26317011e-05 -8.77334031e-02 -1.72161547e-01 -2.57282865e-01
  -3.36656597e-01 -4.13861895e-01 -4.87131858e-01 -5.53330947e-01
  -6.13539774e-01 -6.69462367e-01 -7.18218916e-01 -7.54181698e-01
  -7.82402933e-01 -8.08630114e-01 -8.14694634e-01 -8.19241103e-01
  -8.14024580e-01 -8.00495961e-01 -7.73011139e-01 -7.44452820e-01
  -7.04388642e-01 -6.47708996e-01 -5.92363761e-01 -5.25107285e-01
  -4.59695507e-01 -3.85764818e-01 -3.06677398e-01 -2.24398497e-01
  -1.38601293e-01 -5.15111568e-02  3.26176402e-02  1.24625262e-01
   2.09061418e-01  2.98051598e-01  3.74538540e-01  4.56663346e-01
   5.27067811e-01  5.98575816e-01  6.56378249e-01  7.10753330e-01
   7.57317177e-01  7.89706859e-01  8.16996805e-01  8.45934758e-01
   8.57177646e-01  8.59752051e-01  8.51435525e-01  8.34214935e-01
   8.11778469e-01  7.81018964e-01  7.44933120e-01  6.95289381e-01
   6.33530845e-01  5.71229166e-01  5.02774202e-01  4.26664445e-01
   3.47642062e-01  2.64411810e-01  1.79332981e-01  9.11600932e-02
   2.39762602e-03]
 [ 1.57318391e-04 -9.68140250e-02 -1.92773821e-01 -2.82366582e-01
  -3.75356985e-01 -4.61660864e-01 -5.42884798e-01 -6.18520929e-01
  -6.84778748e-01 -7.45662877e-01 -7.93317600e-01 -8.39942125e-01
  -8.76739129e-01 -9.04583377e-01 -9.08047265e-01 -9.19395507e-01
  -9.06669715e-01 -8.87584030e-01 -8.66063886e-01 -8.34566274e-01
  -7.88267449e-01 -7.29546701e-01 -6.73570861e-01 -6.04235575e-01
  -5.25015857e-01 -4.46578740e-01 -3.57884292e-01 -2.65773100e-01
  -1.69435529e-01 -7.69366024e-02  2.23822686e-02  1.15857741e-01
   2.12181667e-01  3.08461286e-01  3.97777188e-01  4.78783639e-01
   5.64828110e-01  6.50229357e-01  7.08595647e-01  7.58757121e-01
   8.16794062e-01  8.64754824e-01  9.04463431e-01  9.20246352e-01
   9.38813627e-01  9.29289812e-01  9.34236884e-01  9.21218771e-01
   8.96272206e-01  8.48522762e-01  8.16480925e-01  7.61658202e-01
   6.97447790e-01  6.32836790e-01  5.50470799e-01  4.71045188e-01
   3.83108658e-01  2.90504117e-01  1.96317857e-01  1.00469510e-01
   2.77580237e-03]
 [ 4.21021791e-04 -1.01168145e-01 -2.02078310e-01 -2.99338912e-01
  -3.94153288e-01 -4.88524960e-01 -5.72443588e-01 -6.45769853e-01
  -7.26064936e-01 -7.92052645e-01 -8.44745503e-01 -8.94700319e-01
  -9.22322203e-01 -9.47027868e-01 -9.73974076e-01 -9.75343373e-01
  -9.67896757e-01 -9.49302517e-01 -9.17072648e-01 -8.82313865e-01
  -8.41782571e-01 -7.88281989e-01 -7.17302030e-01 -6.53168258e-01
  -5.64197534e-01 -4.80404413e-01 -3.90197577e-01 -2.98056903e-01
  -1.96023407e-01 -9.51368104e-02  8.09876640e-03  1.09092669e-01
   2.07318963e-01  3.07191122e-01  3.99591343e-01  4.91491894e-01
   5.77707658e-01  6.57259726e-01  7.33196386e-01  7.94152400e-01
   8.55154693e-01  8.97114948e-01  9.24479046e-01  9.69149542e-01
   9.76610445e-01  9.74778578e-01  9.80045644e-01  9.62374501e-01
   9.28887927e-01  8.94840645e-01  8.42835213e-01  7.98819613e-01
   7.34944973e-01  6.52727907e-01  5.79334343e-01  4.93584582e-01
   4.01726758e-01  3.06016077e-01  2.06618853e-01  1.05652098e-01
   2.97458951e-03]
 [ 5.68681875e-04 -1.02047051e-01 -2.03867014e-01 -3.03515868e-01
  -4.02223917e-01 -4.91987860e-01 -5.80064596e-01 -6.58695232e-01
  -7.37480048e-01 -8.03013704e-01 -8.59158173e-01 -8.95759322e-01
  -9.34911156e-01 -9.70026455e-01 -9.80122622e-01 -9.87402157e-01
  -9.82933641e-01 -9.71444267e-01 -9.37422502e-01 -9.01438375e-01
  -8.59494770e-01 -8.07279049e-01 -7.45207155e-01 -6.62026578e-01
  -5.87164131e-01 -5.00692970e-01 -4.11280047e-01 -3.12615047e-01
  -2.12848684e-01 -1.13395569e-01 -1.07299528e-02  9.40929498e-02
   1.96749452e-01  2.91974104e-01  3.88184873e-01  4.81010142e-01
   5.74414200e-01  6.49568363e-01  7.28723639e-01  7.88142112e-01
   8.41244891e-01  8.83415738e-01  9.21936896e-01  9.57476730e-01
   9.67325521e-01  9.83575785e-01  9.67866907e-01  9.54471208e-01
   9.31571375e-01  9.01167820e-01  8.46061060e-01  7.98165450e-01
   7.31665644e-01  6.59967630e-01  5.80205353e-01  4.89318510e-01
   3.99011546e-01  3.05338452e-01  2.08759503e-01  1.05373403e-01
   3.05185285e-03]
 [ 3.74117078e-04 -9.83044132e-02 -1.96308196e-01 -2.93775027e-01
  -3.84614089e-01 -4.77876695e-01 -5.55532983e-01 -6.39303840e-01
  -7.07473265e-01 -7.69873993e-01 -8.28449427e-01 -8.70993045e-01
  -8.96822105e-01 -9.39303553e-01 -9.52494931e-01 -9.59851249e-01
  -9.49628269e-01 -9.40016041e-01 -9.12293467e-01 -8.84452973e-01
  -8.44822382e-01 -7.90861759e-01 -7.23025355e-01 -6.57961965e-01
  -5.74089090e-01 -4.97096995e-01 -4.06780112e-01 -3.17244851e-01
  -2.20071910e-01 -1.22455840e-01 -2.44182940e-02  7.59453012e-02
   1.75390005e-01  2.66979102e-01  3.58155302e-01  4.46570921e-01
   5.36448958e-01  6.09429552e-01  6.89734788e-01  7.45819908e-01
   7.93333927e-01  8.48758911e-01  8.80685914e-01  8.99879081e-01
   9.26167073e-01  9.36037993e-01  9.28569540e-01  9.12155804e-01
   8.96453854e-01  8.65665143e-01  8.10931860e-01  7.57258143e-01
   7.04574543e-01  6.30940563e-01  5.57546426e-01  4.69949617e-01
   3.85383725e-01  2.91521273e-01  1.98152543e-01  1.01927911e-01
   2.99727063e-03]
 [ 3.87187837e-04 -9.06916166e-02 -1.81740523e-01 -2.68115795e-01
  -3.54826667e-01 -4.40568537e-01 -5.14423219e-01 -5.87422309e-01
  -6.53775462e-01 -7.19025188e-01 -7.68546220e-01 -8.10657442e-01
  -8.41882430e-01 -8.57920192e-01 -8.79595008e-01 -8.91529634e-01
  -8.91919513e-01 -8.72569686e-01 -8.55980941e-01 -8.26578579e-01
  -7.84218908e-01 -7.30554173e-01 -6.82844152e-01 -6.14143455e-01
  -5.43175020e-01 -4.71775702e-01 -3.90285232e-01 -3.08110668e-01
  -2.20685904e-01 -1.36777580e-01 -3.83139576e-02  4.88045117e-02
   1.41221568e-01  2.26706824e-01  3.14823545e-01  3.94219805e-01
   4.72162725e-01  5.47646651e-01  6.06620894e-01  6.68645006e-01
   7.21601476e-01  7.59355153e-01  8.02331128e-01  8.29970660e-01
   8.47496833e-01  8.45333956e-01  8.43937309e-01  8.25521729e-01
   8.09372305e-01  7.75028857e-01  7.39812084e-01  6.89183744e-01
   6.34237867e-01  5.70404070e-01  5.02412594e-01  4.31910678e-01
   3.52491876e-01  2.68901426e-01  1.82783742e-01  9.07703529e-02
   2.65482860e-03]
 [ 3.87553358e-04 -7.95082255e-02 -1.55899724e-01 -2.32902576e-01
  -3.07043791e-01 -3.81628211e-01 -4.51458182e-01 -5.09656996e-01
  -5.72983788e-01 -6.24192223e-01 -6.68069070e-01 -7.04857083e-01
  -7.38579318e-01 -7.52880495e-01 -7.75022771e-01 -7.84462871e-01
  -7.82150381e-01 -7.68184064e-01 -7.52885325e-01 -7.24007062e-01
  -6.93541738e-01 -6.51273752e-01 -6.00014354e-01 -5.50554254e-01
  -4.83078109e-01 -4.25660625e-01 -3.57776664e-01 -2.84785666e-01
  -2.09142920e-01 -1.32617016e-01 -5.10367546e-02  2.82856376e-02
   1.02156757e-01  1.78843499e-01  2.52047292e-01  3.24302660e-01
   3.91115447e-01  4.55649887e-01  5.13189822e-01  5.60398891e-01
   6.04360788e-01  6.40879775e-01  6.82535485e-01  7.01162363e-01
   7.17973391e-01  7.27808654e-01  7.15200380e-01  7.09369652e-01
   6.92694259e-01  6.71181511e-01  6.36352505e-01  5.93823525e-01
   5.45128448e-01  4.93726262e-01  4.31814221e-01  3.71029947e-01
   3.02219795e-01  2.30829504e-01  1.56860002e-01  8.02731981e-02
   2.84738085e-03]
 [ 3.38934583e-04 -6.36183642e-02 -1.26633632e-01 -1.89406468e-01
  -2.50141158e-01 -3.06402167e-01 -3.64619384e-01 -4.18110243e-01
  -4.59119538e-01 -5.04913003e-01 -5.39988910e-01 -5.72992673e-01
  -6.03006719e-01 -6.19012335e-01 -6.31830569e-01 -6.40819341e-01
  -6.38765079e-01 -6.27128013e-01 -6.18116158e-01 -5.97586486e-01
  -5.66188782e-01 -5.40918694e-01 -5.03977806e-01 -4.57893361e-01
  -4.12881729e-01 -3.61007241e-01 -3.05498796e-01 -2.48114963e-01
  -1.89858527e-01 -1.27813204e-01 -6.22443935e-02  2.92743214e-04
   6.12943350e-02  1.21080376e-01  1.85219934e-01  2.45047116e-01
   2.96533016e-01  3.47763994e-01  3.92065695e-01  4.35134593e-01
   4.66557072e-01  5.03863455e-01  5.29411289e-01  5.47369300e-01
   5.63118323e-01  5.66673301e-01  5.67151807e-01  5.60359969e-01
   5.49730636e-01  5.28191006e-01  4.99982087e-01  4.70719580e-01
   4.34444173e-01  3.92201632e-01  3.45324852e-01  2.94282812e-01
   2.42468657e-01  1.83640811e-01  1.24188533e-01  6.31786233e-02
   9.70724768e-04]
 [ 2.94648008e-04 -4.54095606e-02 -9.02072391e-02 -1.35014158e-01
  -1.81227518e-01 -2.21663620e-01 -2.62579007e-01 -2.99032418e-01
  -3.34102953e-01 -3.62423411e-01 -3.88484637e-01 -4.18322907e-01
  -4.33906991e-01 -4.54396982e-01 -4.61761854e-01 -4.69309440e-01
  -4.70192363e-01 -4.64220648e-01 -4.58762892e-01 -4.40438819e-01
  -4.26523887e-01 -4.03103247e-01 -3.83006995e-01 -3.47737149e-01
  -3.12855706e-01 -2.82915144e-01 -2.42184011e-01 -2.01779595e-01
  -1.56348540e-01 -1.15175503e-01 -6.96862046e-02 -2.87848590e-02
   2.04601649e-02  6.24938637e-02  1.04967792e-01  1.46509457e-01
   1.81195200e-01  2.17494980e-01  2.57756126e-01  2.85249996e-01
   3.15869592e-01  3.38310908e-01  3.54708939e-01  3.72315785e-01
   3.78309871e-01  3.90959584e-01  3.90072408e-01  3.86401481e-01
   3.75408920e-01  3.61695444e-01  3.43914219e-01  3.26581480e-01
   3.00405843e-01  2.70809169e-01  2.39966690e-01  2.06467855e-01
   1.68115992e-01  1.29151734e-01  8.77129833e-02  4.42926418e-02
   2.30924602e-03]
 [ 2.26531729e-04 -2.52757870e-02 -5.04530307e-02 -7.63819069e-02
  -1.02206394e-01 -1.26763117e-01 -1.49713110e-01 -1.71997049e-01
  -1.92129123e-01 -2.10360605e-01 -2.27551027e-01 -2.40080205e-01
  -2.53496287e-01 -2.63575651e-01 -2.69456480e-01 -2.77601624e-01
  -2.80406081e-01 -2.77816019e-01 -2.75442286e-01 -2.70661226e-01
  -2.60937579e-01 -2.52460408e-01 -2.38448898e-01 -2.23133273e-01
  -2.05814549e-01 -1.88579067e-01 -1.66939983e-01 -1.46610631e-01
  -1.23577085e-01 -9.85903454e-02 -7.51081358e-02 -5.08891631e-02
  -2.55066533e-02 -3.09521855e-03  2.31785638e-02  4.67159202e-02
   6.92252429e-02  8.99987606e-02  1.10575152e-01  1.28166655e-01
   1.43879728e-01  1.56239592e-01  1.69301590e-01  1.78747451e-01
   1.88698791e-01  1.93114161e-01  1.93304996e-01  1.94309747e-01
   1.89559977e-01  1.85269797e-01  1.76069361e-01  1.69325674e-01
   1.56076774e-01  1.40326568e-01  1.23630896e-01  1.07686239e-01
   8.86007939e-02  6.80075939e-02  4.65169239e-02  2.38103047e-02
   7.39075937e-04]
 [ 8.18177728e-05 -4.11102986e-03 -8.45516638e-03 -1.34218405e-02
  -1.90554270e-02 -2.48573661e-02 -2.99259948e-02 -3.54318127e-02
  -3.98585031e-02 -4.61486477e-02 -5.17458066e-02 -5.55474262e-02
  -6.13131190e-02 -6.56479513e-02 -7.01411001e-02 -7.31788107e-02
  -7.76386635e-02 -8.04004398e-02 -8.26511452e-02 -8.52677915e-02
  -8.68121464e-02 -8.83002932e-02 -9.01189791e-02 -8.82770730e-02
  -8.80815584e-02 -9.07850126e-02 -8.60328349e-02 -8.49687755e-02
  -8.14920995e-02 -7.99028126e-02 -7.57084342e-02 -7.33162739e-02
  -6.92793234e-02 -6.84815370e-02 -6.09193781e-02 -5.70646480e-02
  -5.44695505e-02 -4.74859151e-02 -4.35963835e-02 -3.91145330e-02
  -3.40040129e-02 -2.94419449e-02 -2.35077831e-02 -1.96658430e-02
  -1.69651696e-02 -1.40264607e-02 -1.02448099e-02 -7.38094691e-03
  -3.45949564e-03 -3.13470391e-03  1.00012133e-03  8.99863333e-04
   3.87610978e-03  4.69587815e-03  5.22473146e-03  5.03524318e-03
   5.11236308e-03  4.06356687e-03  3.03671906e-03  1.71788663e-03
   7.24609628e-05]]
minima = -0.9874021569152587
coord = [53, 15]
For betaplot:
beta_vec = [0.         0.05235988 0.10471976 0.15707963 0.20943951 0.26179939
 0.31415927 0.36651914 0.41887902 0.4712389  0.52359878 0.57595865
 0.62831853 0.68067841 0.73303829 0.78539816 0.83775804 0.89011792
 0.9424778  0.99483767 1.04719755 1.09955743 1.15191731 1.20427718
 1.25663706 1.30899694 1.36135682 1.41371669 1.46607657 1.51843645
 1.57079633 1.6231562  1.67551608 1.72787596 1.78023584 1.83259571
 1.88495559 1.93731547 1.98967535 2.04203522 2.0943951  2.14675498
 2.19911486 2.25147474 2.30383461 2.35619449 2.40855437 2.46091425
 2.51327412 2.565634   2.61799388 2.67035376 2.72271363 2.77507351
 2.82743339 2.87979327 2.93215314 2.98451302 3.0368729  3.08923278
 3.14159265]
cost_vec = [-0.06856888810857546, 0.13794217548625112, 0.34266931435437625, 0.5261142475914308, 0.6914849982303, 0.8185283896971949, 0.9206782163644355, 0.9749261038310157, 0.9915674155615447, 0.9606172163683547, 0.8987052161413962, 0.7812412979380949, 0.6416607768154077, 0.472916011666209, 0.28299655057762024, 0.0823718049161786, -0.12306754039564857, -0.3215896935618913, -0.5077155784895699, -0.6700795961837419, -0.7995312604072953, -0.9022911789291149, -0.9540378864338952, -0.9641871695796431, -0.9386779565909351, -0.8671499424465229, -0.7592173818631822, -0.6193925651632474, -0.4489958786447496, -0.2587643535990017, -0.05383181462461075, 0.1491107307311646, 0.3453146551846139, 0.5308073116990927, 0.6915228524244005, 0.8242609046323774, 0.9220508913060387, 0.9754271895539682, 0.9953725266845166, 0.9617080461622906, 0.8869856788049019, 0.7809425996822968, 0.6361843055339214, 0.46086973262391495, 0.2698842565461412, 0.06911267000955047, -0.1380515480773901, -0.33529174316598276, -0.5196029447177564, -0.68017334872136, -0.819241102901452, -0.9193955070753064, -0.9753433729217462, -0.9874021569152587, -0.959851249282588, -0.891529634472331, -0.7844628705688603, -0.6408193408825564, -0.4693094400462886, -0.2776016236779596, -0.07317881070535791]
zz = [0.23758216133241772, 0.2878042595671786, 0.3388268633496841, 0.38547748119168296, 0.42793699458096307, 0.46011052035729244, 0.4854823594262414, 0.5009035328197581, 0.5033573655023659, 0.4950476224618276, 0.47997255921121895, 0.4508493803830738, 0.41555106728850305, 0.37311651411753227, 0.32354593499366535, 0.2739810139707472, 0.22292806910595708, 0.17330911747883598, 0.1243818760556761, 0.08440522595486467, 0.05072726305027855, 0.02508293279649721, 0.011754235805040104, 0.007863444118511349, 0.013863000747142284, 0.03177752718528853, 0.058226505872036025, 0.0923371365979274, 0.1340294694863572, 0.182073794525528, 0.23258271334805056, 0.28276235639788366, 0.3289594449727955, 0.377230740385807, 0.4178374741935877, 0.45073460128759496, 0.47397368483388413, 0.48903396057204584, 0.4945730364239892, 0.4861503728577434, 0.4669846267346958, 0.43967644354036006, 0.40455869749809364, 0.36098763328195094, 0.31229008677230174, 0.26370774457195434, 0.21312984732116877, 0.16296348007312655, 0.11790122575701924, 0.07752136293428813, 0.04450472678312813, 0.019141648655729725, 0.0065408361032802485, 0.003401713227916993, 0.00965240488056014, 0.02866629815635249, 0.05597291378516985, 0.0932410240207904, 0.13553937132406374, 0.1844254537000161, 0.23771624245192863]
zo = [0.2697326217317009, 0.21519988090680256, 0.16473274946094135, 0.1212692744780375, 0.07852586006271543, 0.04658836229426294, 0.020924708882258402, 0.006643773834453727, 0.0028590505605855005, 0.009691619663305185, 0.024929341656940537, 0.0539519798225412, 0.0888014066913338, 0.13020828987377, 0.1794664515529652, 0.22854385828911034, 0.27997584325209685, 0.32807179973878, 0.37660968757707924, 0.4158070484979053, 0.4471802740892482, 0.4742596630489124, 0.48670369303040933, 0.48978980691515334, 0.4806939179722212, 0.46494160578726684, 0.4395974066684001, 0.40361357656694347, 0.3608561626781448, 0.313579567437342, 0.26288033592465676, 0.21131869905451647, 0.16018509657376356, 0.11598470214271017, 0.0770261482199136, 0.04463785707219398, 0.018866333764633363, 0.005635358935532567, 0.00045046315458266656, 0.009193019675034286, 0.02785044287737289, 0.055651882834849016, 0.09164544224561115, 0.13647842166299148, 0.18417200108262002, 0.23384130900614986, 0.28415533302927615, 0.33558891960819853, 0.3802406343348637, 0.4208159398670614, 0.4557831893847602, 0.48125074081558844, 0.4950901336112481, 0.5009465742784179, 0.49099882295644104, 0.47366928345732107, 0.4486134550822887, 0.4125852064898335, 0.36875606490649715, 0.3204267247171718, 0.27150672237375373]
oz = [0.2645501906083525, 0.21375597031882496, 0.16224913796517437, 0.1162559232554425, 0.07623439281588708, 0.044050707156103715, 0.018792319317806738, 0.005943875676076813, 0.0013508870965667054, 0.009295890338822384, 0.025719086796699937, 0.05512859814975333, 0.09034130508199524, 0.13270773987609163, 0.17904175381167012, 0.23027256945409968, 0.2814574930182517, 0.33272679555788204, 0.37724868386828636, 0.41923457234041916, 0.45258723182674054, 0.47688689659516165, 0.490330650604692, 0.4922844960694623, 0.4886462360625732, 0.4687729456524737, 0.4402034924663141, 0.4065274212990578, 0.3636411573785181, 0.31580384445299947, 0.2646207954555657, 0.21412507903305186, 0.16719057101763246, 0.11869811662222018, 0.07762036167296348, 0.043512539511599835, 0.020105496989927554, 0.006648906089131649, 0.0018599225325647906, 0.009949716162496049, 0.028708566529068755, 0.053873148051430356, 0.09025838193257033, 0.1330827737494652, 0.18062466966295454, 0.2314617752531226, 0.2848108548764225, 0.3320376723662607, 0.37935948946794545, 0.41880809985950884, 0.4538464634204346, 0.47844351954953396, 0.49257710924044934, 0.4927508210347215, 0.48856015151504595, 0.4720923540273435, 0.4433150239955976, 0.4078221148334936, 0.36544431930999005, 0.3183715846630805, 0.26477111950897275]
oo = [0.22813236740181814, 0.27858093620136926, 0.3239248421614115, 0.36913304524432555, 0.41499141924436406, 0.4491338168225818, 0.4746347492660414, 0.48643047352974317, 0.49242392779138827, 0.48539715456304955, 0.4693707825328122, 0.4397882816566954, 0.40525292986108913, 0.3632048273539379, 0.3179373590882393, 0.2671975787971319, 0.21535594470177072, 0.16588662043957486, 0.12175570279415643, 0.0805476814163676, 0.04950163748291227, 0.023767213565119055, 0.011180131252716687, 0.01004422093271656, 0.016792680939805328, 0.034285175775849296, 0.061746593849273355, 0.09703295244289818, 0.1414703990719156, 0.1885384887841972, 0.23932405681394972, 0.2917908530459263, 0.34362667415334247, 0.38798705803448785, 0.42704298448604994, 0.4607581482175982, 0.4870517381322035, 0.4986779920917636, 0.5031140570081161, 0.4947039928398184, 0.47622386901198793, 0.45079600181157936, 0.4135343922688787, 0.369447540155249, 0.3221396042153757, 0.2707175033157619, 0.21781801914578713, 0.16939392182569685, 0.12229044614125754, 0.08243297694633193, 0.045848241305807336, 0.021161504492687853, 0.00578859663614538, 0.0028980498834719945, 0.010574569050708221, 0.025569272394445876, 0.0519356247363256, 0.08634908556653434, 0.1300133707456907, 0.17677329330135078, 0.2258483284953329]
minima = -0.9874021569152587
coord = [53, 15]
