For contourf:
gamma_vec = [0.         0.05324733 0.10649467 0.159742   0.21298933 0.26623667
 0.319484   0.37273133 0.42597866 0.479226   0.53247333 0.58572066
 0.638968   0.69221533 0.74546266 0.79871    0.85195733 0.90520466
 0.958452   1.01169933 1.06494666 1.118194   1.17144133 1.22468866
 1.27793599 1.33118333 1.38443066 1.43767799 1.49092533 1.54417266
 1.59741999 1.65066733 1.70391466 1.75716199 1.81040933 1.86365666
 1.91690399 1.97015133 2.02339866 2.07664599 2.12989332 2.18314066
 2.23638799 2.28963532 2.34288266 2.39612999 2.44937732 2.50262466
 2.55587199 2.60911932 2.66236666 2.71561399 2.76886132 2.82210865
 2.87535599 2.92860332 2.98185065 3.03509799 3.08834532 3.14159265]
beta_vec = [0.         0.05324733 0.10649467 0.159742   0.21298933 0.26623667
 0.319484   0.37273133 0.42597866 0.479226   0.53247333 0.58572066
 0.638968   0.69221533 0.74546266 0.79871    0.85195733 0.90520466
 0.958452   1.01169933 1.06494666 1.118194   1.17144133 1.22468866
 1.27793599 1.33118333 1.38443066 1.43767799 1.49092533 1.54417266
 1.59741999 1.65066733 1.70391466 1.75716199 1.81040933 1.86365666
 1.91690399 1.97015133 2.02339866 2.07664599 2.12989332 2.18314066
 2.23638799 2.28963532 2.34288266 2.39612999 2.44937732 2.50262466
 2.55587199 2.60911932 2.66236666 2.71561399 2.76886132 2.82210865
 2.87535599 2.92860332 2.98185065 3.03509799 3.08834532 3.14159265]
exp_mat = [[ 1.54473647e-02  1.34966625e-02  1.24843272e-02  1.34769867e-02
   1.44784947e-02  1.34539100e-02  1.25107437e-02  1.44836918e-02
   1.34761883e-02  1.73738412e-02  1.34884565e-02  1.44499305e-02
   1.24896834e-02  1.34785178e-02  1.53590103e-02  1.63439404e-02
   1.44317778e-02  1.54827636e-02  1.63635077e-02  1.53867213e-02
   1.35024881e-02  1.49247096e-02  1.54630381e-02  1.34625820e-02
   1.34791700e-02  1.44271297e-02  1.44545705e-02  1.34714600e-02
   1.64466793e-02  1.60137935e-02  1.54089681e-02  1.34480634e-02
   1.54110695e-02  1.40843035e-02  1.54049594e-02  1.54740292e-02
   1.63544630e-02  1.34989930e-02  1.53715388e-02  1.35035914e-02
   1.35000584e-02  1.73990659e-02  1.35190475e-02  1.73752594e-02
   1.44897678e-02  1.70532679e-02  1.63993459e-02  1.64507622e-02
   1.44360239e-02  1.44671837e-02  1.74346329e-02  1.63816561e-02
   1.54351207e-02  1.35196475e-02  1.74003874e-02  1.55045450e-02
   1.44615727e-02  1.82834514e-02  1.74022010e-02  1.44839672e-02]
 [ 4.37111223e-03 -4.15816537e-03 -8.81178788e-03 -1.42637459e-02
  -1.97012422e-02 -2.61481835e-02 -2.97919584e-02 -3.64015693e-02
  -3.91888515e-02 -4.53105615e-02 -4.99684739e-02 -5.67406382e-02
  -6.10989488e-02 -6.40548701e-02 -6.68183031e-02 -7.25064363e-02
  -7.50751677e-02 -7.65261486e-02 -8.18746038e-02 -8.38093394e-02
  -8.79288870e-02 -8.91051604e-02 -9.04497413e-02 -9.24320800e-02
  -9.39810344e-02 -9.28057666e-02 -9.68747598e-02 -9.44966285e-02
  -9.59591203e-02 -9.71257739e-02 -9.79755078e-02 -8.98895980e-02
  -9.45217491e-02 -9.03370193e-02 -8.99331302e-02 -8.77689748e-02
  -8.55034713e-02 -8.29601890e-02 -8.33831220e-02 -7.96580758e-02
  -7.53746062e-02 -7.30650825e-02 -6.94041588e-02 -6.43880051e-02
  -5.81077062e-02 -5.48472772e-02 -5.02939144e-02 -4.65416972e-02
  -3.86633738e-02 -3.67075315e-02 -3.26742257e-02 -2.31417560e-02
  -1.59620706e-02 -1.45011750e-02 -1.09754445e-02 -4.33076340e-03
   2.41543784e-04  4.88449627e-03  1.43985017e-02  1.90710852e-02]
 [-1.23865298e-02 -2.25634080e-02 -3.57102161e-02 -4.67417493e-02
  -5.64681854e-02 -6.62198002e-02 -7.54993247e-02 -8.79945717e-02
  -9.90659976e-02 -1.05114817e-01 -1.17952041e-01 -1.26646414e-01
  -1.37021668e-01 -1.42509377e-01 -1.52061788e-01 -1.59163326e-01
  -1.67592566e-01 -1.72587627e-01 -1.76587554e-01 -1.78256976e-01
  -1.86656514e-01 -1.92555075e-01 -1.94331331e-01 -2.00428142e-01
  -2.03119616e-01 -2.04316090e-01 -2.05571893e-01 -2.07632715e-01
  -2.01265382e-01 -2.06427662e-01 -2.06473169e-01 -2.05390561e-01
  -2.02500983e-01 -1.99436834e-01 -1.96190501e-01 -1.92319300e-01
  -1.89599123e-01 -1.83911866e-01 -1.76934016e-01 -1.70172064e-01
  -1.66433959e-01 -1.58705695e-01 -1.51007963e-01 -1.42088064e-01
  -1.32738972e-01 -1.20883381e-01 -1.17569642e-01 -1.08124999e-01
  -9.80854499e-02 -8.63944798e-02 -7.93579031e-02 -6.57530618e-02
  -5.59649338e-02 -4.62116590e-02 -3.62218124e-02 -2.51114715e-02
  -1.40619779e-02 -3.67556298e-03  8.52429460e-03  2.08309308e-02]
 [-1.97921568e-02 -3.63676675e-02 -4.98964542e-02 -6.51394196e-02
  -8.62321111e-02 -1.01062429e-01 -1.15262657e-01 -1.30620565e-01
  -1.42392804e-01 -1.60214783e-01 -1.74046799e-01 -1.86198172e-01
  -2.00528196e-01 -2.10431754e-01 -2.21705355e-01 -2.32654398e-01
  -2.44348047e-01 -2.56809188e-01 -2.63742940e-01 -2.72089704e-01
  -2.73643992e-01 -2.84446127e-01 -2.86416543e-01 -2.94247149e-01
  -3.00004325e-01 -2.96889447e-01 -3.03403921e-01 -3.04722662e-01
  -3.06429581e-01 -3.05290740e-01 -3.05341459e-01 -3.01851689e-01
  -2.96246435e-01 -2.96582139e-01 -2.89304764e-01 -2.86072006e-01
  -2.74269868e-01 -2.72917217e-01 -2.61768372e-01 -2.53117092e-01
  -2.44576500e-01 -2.34667111e-01 -2.22569740e-01 -2.12100867e-01
  -2.00604797e-01 -1.88147314e-01 -1.71459453e-01 -1.57339643e-01
  -1.41222455e-01 -1.30182536e-01 -1.15864213e-01 -9.86104838e-02
  -8.37364430e-02 -6.48077918e-02 -5.14597564e-02 -3.48164653e-02
  -1.93654515e-02 -1.78951301e-03  1.38995255e-02  3.06170933e-02]
 [-2.48552715e-02 -4.54184586e-02 -6.61115985e-02 -8.65200141e-02
  -1.10427297e-01 -1.30577064e-01 -1.51390398e-01 -1.70461045e-01
  -1.90521661e-01 -2.08563842e-01 -2.25340266e-01 -2.43204357e-01
  -2.58732292e-01 -2.73352011e-01 -2.87912212e-01 -3.07002445e-01
  -3.21046375e-01 -3.27830997e-01 -3.41916750e-01 -3.54243634e-01
  -3.62419411e-01 -3.72085045e-01 -3.81963700e-01 -3.87660043e-01
  -3.92751679e-01 -3.95121476e-01 -3.96983674e-01 -4.01088216e-01
  -3.99411652e-01 -3.99631260e-01 -3.97971049e-01 -3.94956329e-01
  -3.89301378e-01 -3.82324493e-01 -3.77571475e-01 -3.72208609e-01
  -3.59199586e-01 -3.54119989e-01 -3.42125540e-01 -3.27761682e-01
  -3.12542015e-01 -2.99832303e-01 -2.90902052e-01 -2.72518458e-01
  -2.59160451e-01 -2.37295062e-01 -2.21893547e-01 -2.05057730e-01
  -1.85734090e-01 -1.65406165e-01 -1.45292632e-01 -1.24391381e-01
  -1.05954465e-01 -8.29507452e-02 -6.37843283e-02 -4.12734558e-02
  -1.94606696e-02  6.98938074e-03  2.59491777e-02  4.77097008e-02]
 [-3.37012458e-02 -5.85630561e-02 -8.78529134e-02 -1.12079374e-01
  -1.39991808e-01 -1.62261186e-01 -1.89697308e-01 -2.14377906e-01
  -2.36160127e-01 -2.58805297e-01 -2.78540675e-01 -3.03511750e-01
  -3.23981482e-01 -3.42452986e-01 -3.61000475e-01 -3.77123509e-01
  -3.94569480e-01 -4.03528709e-01 -4.19432949e-01 -4.39566262e-01
  -4.41377456e-01 -4.59707161e-01 -4.60687651e-01 -4.74088417e-01
  -4.80546664e-01 -4.86623821e-01 -4.88558352e-01 -4.87713881e-01
  -4.93554282e-01 -4.93328669e-01 -4.88509653e-01 -4.84901123e-01
  -4.78856280e-01 -4.73727459e-01 -4.65834822e-01 -4.54929894e-01
  -4.43070319e-01 -4.29134579e-01 -4.21686297e-01 -4.02532065e-01
  -3.91924061e-01 -3.68978625e-01 -3.54724171e-01 -3.37896872e-01
  -3.13896264e-01 -2.94796490e-01 -2.73401594e-01 -2.51973538e-01
  -2.28117058e-01 -2.01102809e-01 -1.78954876e-01 -1.49785187e-01
  -1.28134066e-01 -1.00532031e-01 -7.60655733e-02 -4.96581909e-02
  -2.04800272e-02  3.89715570e-03  2.98445695e-02  5.66009800e-02]
 [-4.30157964e-02 -7.38963613e-02 -1.07238567e-01 -1.34197371e-01
  -1.65190504e-01 -1.94644728e-01 -2.27098846e-01 -2.56817217e-01
  -2.80108428e-01 -3.05352878e-01 -3.36202668e-01 -3.55713491e-01
  -3.85401046e-01 -4.08482093e-01 -4.30071702e-01 -4.47934182e-01
  -4.67269696e-01 -4.88975703e-01 -5.02448820e-01 -5.18877046e-01
  -5.26357087e-01 -5.44445190e-01 -5.54554270e-01 -5.63499333e-01
  -5.69064033e-01 -5.71970797e-01 -5.78334853e-01 -5.80474755e-01
  -5.79579587e-01 -5.79934187e-01 -5.73197150e-01 -5.72614004e-01
  -5.66604358e-01 -5.57189422e-01 -5.48610764e-01 -5.31434445e-01
  -5.24355771e-01 -5.10009820e-01 -4.99015872e-01 -4.80498265e-01
  -4.59676260e-01 -4.41278775e-01 -4.19357583e-01 -3.94286494e-01
  -3.74444622e-01 -3.47254689e-01 -3.18929566e-01 -2.95722195e-01
  -2.68358306e-01 -2.41277123e-01 -2.13119616e-01 -1.82165664e-01
  -1.52231341e-01 -1.21294259e-01 -9.07866693e-02 -5.83310562e-02
  -2.69262159e-02  2.22444178e-03  3.30631451e-02  6.73792855e-02]
 [-5.32839954e-02 -8.90110575e-02 -1.22908649e-01 -1.58991602e-01
  -1.95068852e-01 -2.27601734e-01 -2.60801546e-01 -2.92264831e-01
  -3.24946886e-01 -3.55063147e-01 -3.83275574e-01 -4.14446679e-01
  -4.40454429e-01 -4.67655703e-01 -4.92791296e-01 -5.15549218e-01
  -5.38601276e-01 -5.52961144e-01 -5.74163114e-01 -5.92097778e-01
  -6.10008323e-01 -6.22043118e-01 -6.35119992e-01 -6.45034360e-01
  -6.50291096e-01 -6.56503046e-01 -6.59291044e-01 -6.58545044e-01
  -6.57657258e-01 -6.62060329e-01 -6.61405543e-01 -6.54687907e-01
  -6.47500244e-01 -6.37224241e-01 -6.25064096e-01 -6.10821498e-01
  -5.96570917e-01 -5.77419268e-01 -5.67762775e-01 -5.42989861e-01
  -5.28277766e-01 -5.00910354e-01 -4.80523941e-01 -4.52488615e-01
  -4.26059014e-01 -3.97947140e-01 -3.70876850e-01 -3.39770188e-01
  -3.07992119e-01 -2.75126219e-01 -2.44107072e-01 -2.07596632e-01
  -1.74443316e-01 -1.40253588e-01 -1.01150090e-01 -6.80911931e-02
  -3.50684084e-02  2.04960982e-03  3.67999883e-02  7.34163899e-02]
 [-6.29567667e-02 -1.02829016e-01 -1.39094648e-01 -1.80504734e-01
  -2.16131840e-01 -2.55477964e-01 -2.94645212e-01 -3.29031760e-01
  -3.59566040e-01 -3.95430245e-01 -4.30582847e-01 -4.61221118e-01
  -4.91098181e-01 -5.20146394e-01 -5.48708213e-01 -5.76744023e-01
  -6.02070356e-01 -6.23235419e-01 -6.40609777e-01 -6.57341624e-01
  -6.70033243e-01 -6.89339872e-01 -7.01811196e-01 -7.15317105e-01
  -7.17238543e-01 -7.32382376e-01 -7.36601041e-01 -7.39551523e-01
  -7.35330077e-01 -7.32740002e-01 -7.30197039e-01 -7.25589244e-01
  -7.18894034e-01 -7.08692270e-01 -6.96642034e-01 -6.83919527e-01
  -6.66432247e-01 -6.45560830e-01 -6.31119099e-01 -6.09310833e-01
  -5.85814391e-01 -5.58069263e-01 -5.30802010e-01 -5.05669909e-01
  -4.72148506e-01 -4.39392086e-01 -4.10108464e-01 -3.77513441e-01
  -3.42972736e-01 -3.07058051e-01 -2.69704701e-01 -2.33628462e-01
  -1.94930185e-01 -1.55039162e-01 -1.14749231e-01 -7.65975354e-02
  -3.78972587e-02  2.31031655e-03  4.33023031e-02  8.10559645e-02]
 [-7.11014033e-02 -1.12968674e-01 -1.58656100e-01 -2.00192406e-01
  -2.41840945e-01 -2.80748897e-01 -3.15622572e-01 -3.60620957e-01
  -3.99096932e-01 -4.34683646e-01 -4.73153310e-01 -5.06373512e-01
  -5.38726893e-01 -5.69993866e-01 -5.97276610e-01 -6.22890223e-01
  -6.52549287e-01 -6.72989567e-01 -7.01757134e-01 -7.15335663e-01
  -7.38888756e-01 -7.54762515e-01 -7.69608507e-01 -7.80310781e-01
  -7.90488218e-01 -7.94221138e-01 -8.02658158e-01 -8.06124403e-01
  -8.08065209e-01 -8.03307603e-01 -8.01533439e-01 -7.91757538e-01
  -7.78568334e-01 -7.66902570e-01 -7.56071468e-01 -7.39296201e-01
  -7.21774558e-01 -7.07163678e-01 -6.80052556e-01 -6.58009852e-01
  -6.38879458e-01 -6.02712689e-01 -5.79850279e-01 -5.47905794e-01
  -5.16547864e-01 -4.83653426e-01 -4.44501908e-01 -4.09858289e-01
  -3.72544222e-01 -3.33134446e-01 -2.91403261e-01 -2.51597971e-01
  -2.12085978e-01 -1.68890987e-01 -1.25980183e-01 -8.41363490e-02
  -4.04666272e-02  3.02590822e-03  4.47268062e-02  8.78414080e-02]
 [-8.16597578e-02 -1.27837413e-01 -1.73528177e-01 -2.19076071e-01
  -2.62464084e-01 -3.03575822e-01 -3.48234315e-01 -3.92812536e-01
  -4.32690308e-01 -4.72262058e-01 -5.10396882e-01 -5.45818688e-01
  -5.81131102e-01 -6.10911795e-01 -6.44973657e-01 -6.73610524e-01
  -6.98552588e-01 -7.26770289e-01 -7.51884198e-01 -7.70880808e-01
  -7.93685750e-01 -8.08111665e-01 -8.20365875e-01 -8.34122903e-01
  -8.47910592e-01 -8.53149218e-01 -8.58366525e-01 -8.62669775e-01
  -8.58070997e-01 -8.60160183e-01 -8.48891799e-01 -8.47013809e-01
  -8.38813475e-01 -8.25508137e-01 -8.14149823e-01 -7.98634327e-01
  -7.76826997e-01 -7.56942962e-01 -7.32602948e-01 -7.02328037e-01
  -6.79645133e-01 -6.51370768e-01 -6.17385636e-01 -5.87219506e-01
  -5.49907873e-01 -5.16032462e-01 -4.77143660e-01 -4.37108026e-01
  -3.95837479e-01 -3.55291475e-01 -3.11902373e-01 -2.66539451e-01
  -2.25471797e-01 -1.81027851e-01 -1.36444474e-01 -8.93165784e-02
  -4.41451175e-02  2.67807451e-03  4.91647811e-02  9.51365294e-02]
 [-9.05590649e-02 -1.39092020e-01 -1.85616009e-01 -2.34583491e-01
  -2.78677343e-01 -3.25632897e-01 -3.69105576e-01 -4.14255700e-01
  -4.56249256e-01 -5.00309424e-01 -5.38353525e-01 -5.80930804e-01
  -6.14871253e-01 -6.49675670e-01 -6.82387656e-01 -7.15404574e-01
  -7.40082712e-01 -7.67181224e-01 -7.94451650e-01 -8.15132171e-01
  -8.37738939e-01 -8.49946034e-01 -8.72393026e-01 -8.77679885e-01
  -8.92432769e-01 -9.01629144e-01 -9.09297209e-01 -9.04797132e-01
  -9.13351351e-01 -9.09508352e-01 -9.04442334e-01 -8.91031884e-01
  -8.85400128e-01 -8.69154345e-01 -8.56657743e-01 -8.38459096e-01
  -8.10143295e-01 -7.92331206e-01 -7.70752236e-01 -7.44254699e-01
  -7.17293893e-01 -6.85048177e-01 -6.46672468e-01 -6.19196882e-01
  -5.83334825e-01 -5.38997353e-01 -5.01296138e-01 -4.58971868e-01
  -4.16491264e-01 -3.73905876e-01 -3.30242273e-01 -2.80963479e-01
  -2.35892125e-01 -1.90821821e-01 -1.42652111e-01 -9.47035221e-02
  -4.55065864e-02  4.41336019e-03  5.24253546e-02  1.01617285e-01]
 [-9.82870006e-02 -1.46119736e-01 -1.98819833e-01 -2.48823126e-01
  -2.94596742e-01 -3.43595663e-01 -3.90182481e-01 -4.32605660e-01
  -4.82064355e-01 -5.24431716e-01 -5.62667610e-01 -6.05646950e-01
  -6.42498836e-01 -6.78977656e-01 -7.09417401e-01 -7.44211176e-01
  -7.78414520e-01 -8.02141399e-01 -8.29425844e-01 -8.51742758e-01
  -8.75460375e-01 -8.96266144e-01 -9.08422615e-01 -9.16745975e-01
  -9.30172149e-01 -9.40437146e-01 -9.45767349e-01 -9.42673019e-01
  -9.46368842e-01 -9.47987866e-01 -9.39146563e-01 -9.34301233e-01
  -9.15922685e-01 -9.05015964e-01 -8.93301746e-01 -8.72530475e-01
  -8.52633777e-01 -8.23755863e-01 -8.03810191e-01 -7.76671430e-01
  -7.40939170e-01 -7.09194614e-01 -6.78910815e-01 -6.38052314e-01
  -6.04140920e-01 -5.63382044e-01 -5.20768643e-01 -4.78038302e-01
  -4.32970700e-01 -3.87652063e-01 -3.42588790e-01 -2.93150424e-01
  -2.45972243e-01 -1.94643764e-01 -1.46678120e-01 -9.46920117e-02
  -4.57173772e-02  4.69111568e-03  5.61023896e-02  1.06223460e-01]
 [-1.04998078e-01 -1.55568754e-01 -2.08370805e-01 -2.58411227e-01
  -3.08496984e-01 -3.56517060e-01 -4.05868316e-01 -4.51601239e-01
  -4.94787160e-01 -5.40062737e-01 -5.83700272e-01 -6.22047973e-01
  -6.63995336e-01 -7.01727228e-01 -7.36494440e-01 -7.67840255e-01
  -8.02597582e-01 -8.20505997e-01 -8.55772467e-01 -8.76810007e-01
  -9.02560127e-01 -9.19258992e-01 -9.33177626e-01 -9.46866123e-01
  -9.56845960e-01 -9.66418941e-01 -9.72875739e-01 -9.77697284e-01
  -9.72848305e-01 -9.69294993e-01 -9.65177698e-01 -9.57210066e-01
  -9.46354909e-01 -9.30688818e-01 -9.13177042e-01 -8.95153526e-01
  -8.73111576e-01 -8.51543087e-01 -8.21314372e-01 -7.91483102e-01
  -7.65541078e-01 -7.31116930e-01 -6.94733606e-01 -6.53836780e-01
  -6.14712168e-01 -5.74861469e-01 -5.32271246e-01 -4.89754230e-01
  -4.45298403e-01 -3.98911909e-01 -3.50722228e-01 -2.99959173e-01
  -2.50330576e-01 -1.99326729e-01 -1.47812697e-01 -9.64906212e-02
  -4.49872948e-02  6.75790252e-03  5.87723603e-02  1.10697527e-01]
 [-1.12246715e-01 -1.63905926e-01 -2.16586304e-01 -2.67268006e-01
  -3.17357426e-01 -3.67892457e-01 -4.17441103e-01 -4.63653307e-01
  -5.08756673e-01 -5.56341053e-01 -5.97187432e-01 -6.38700792e-01
  -6.76476800e-01 -7.16743372e-01 -7.48388166e-01 -7.83426774e-01
  -8.13879680e-01 -8.46716684e-01 -8.66647986e-01 -8.95587932e-01
  -9.13929202e-01 -9.33731153e-01 -9.52720312e-01 -9.66224527e-01
  -9.70006049e-01 -9.81894205e-01 -9.86107518e-01 -9.92459292e-01
  -9.91928739e-01 -9.85718671e-01 -9.80706176e-01 -9.73641939e-01
  -9.61055251e-01 -9.44637272e-01 -9.27311305e-01 -9.07141862e-01
  -8.87694838e-01 -8.61040114e-01 -8.36398954e-01 -8.03802830e-01
  -7.75101627e-01 -7.41613427e-01 -7.03880812e-01 -6.64519278e-01
  -6.25626071e-01 -5.81867948e-01 -5.39700650e-01 -4.93596099e-01
  -4.49342079e-01 -4.00800995e-01 -3.51385344e-01 -3.02640503e-01
  -2.51527892e-01 -1.99635684e-01 -1.49058179e-01 -9.60537625e-02
  -4.27034307e-02  9.06155201e-03  6.19724546e-02  1.14309545e-01]
 [-1.17844621e-01 -1.69826912e-01 -2.22464248e-01 -2.73620281e-01
  -3.24311145e-01 -3.75538686e-01 -4.23052799e-01 -4.70567118e-01
  -5.12887365e-01 -5.57560748e-01 -6.00967595e-01 -6.46897639e-01
  -6.82814212e-01 -7.21387222e-01 -7.59721407e-01 -7.88816637e-01
  -8.21707150e-01 -8.49633972e-01 -8.75279006e-01 -9.04291139e-01
  -9.22858519e-01 -9.40550339e-01 -9.57462376e-01 -9.67872848e-01
  -9.80372424e-01 -9.90061925e-01 -9.93696716e-01 -9.92119259e-01
  -9.96369971e-01 -9.90918218e-01 -9.82532554e-01 -9.79240175e-01
  -9.58656763e-01 -9.39735722e-01 -9.28076831e-01 -9.15224471e-01
  -8.88133197e-01 -8.63157001e-01 -8.34036412e-01 -8.07462658e-01
  -7.72471391e-01 -7.40494308e-01 -7.00476391e-01 -6.61589504e-01
  -6.25977371e-01 -5.81230992e-01 -5.39533886e-01 -4.94832043e-01
  -4.47841769e-01 -4.01014245e-01 -3.52029670e-01 -3.01701686e-01
  -2.50354413e-01 -1.98658269e-01 -1.47057072e-01 -9.40703676e-02
  -4.12776224e-02  1.17190566e-02  6.46437537e-02  1.17058246e-01]
 [-1.22545785e-01 -1.74773529e-01 -2.24261986e-01 -2.77451878e-01
  -3.27858577e-01 -3.77882886e-01 -4.24538268e-01 -4.69677546e-01
  -5.14562201e-01 -5.60330860e-01 -6.05051576e-01 -6.45730946e-01
  -6.83038259e-01 -7.20681216e-01 -7.56490160e-01 -7.85517390e-01
  -8.18585441e-01 -8.42660393e-01 -8.72537931e-01 -8.97939870e-01
  -9.16628041e-01 -9.34944207e-01 -9.50786828e-01 -9.64458822e-01
  -9.73592599e-01 -9.84864307e-01 -9.79512217e-01 -9.89884420e-01
  -9.86685540e-01 -9.79336063e-01 -9.75534015e-01 -9.67139796e-01
  -9.55907843e-01 -9.39734676e-01 -9.26257279e-01 -9.05636957e-01
  -8.80986212e-01 -8.55488021e-01 -8.25531624e-01 -8.00516802e-01
  -7.69634683e-01 -7.32103398e-01 -6.98073791e-01 -6.58130351e-01
  -6.19182930e-01 -5.76685297e-01 -5.31950610e-01 -4.87285925e-01
  -4.41611076e-01 -3.91237613e-01 -3.45110332e-01 -2.95544408e-01
  -2.45928392e-01 -1.94479244e-01 -1.42400885e-01 -9.03203868e-02
  -3.77543891e-02  1.47563250e-02  6.68241145e-02  1.19444732e-01]
 [-1.26962309e-01 -1.77813229e-01 -2.28301321e-01 -2.78457770e-01
  -3.27371689e-01 -3.75127278e-01 -4.23880186e-01 -4.68883974e-01
  -5.11410081e-01 -5.54522106e-01 -5.96796575e-01 -6.39474588e-01
  -6.73516395e-01 -7.13303819e-01 -7.47939263e-01 -7.79392907e-01
  -8.09353189e-01 -8.31902954e-01 -8.63403155e-01 -8.81721687e-01
  -8.98810674e-01 -9.12432807e-01 -9.36310701e-01 -9.49555109e-01
  -9.53397138e-01 -9.60448878e-01 -9.67378419e-01 -9.71401118e-01
  -9.70000975e-01 -9.65583300e-01 -9.53810041e-01 -9.47609353e-01
  -9.35488752e-01 -9.24577746e-01 -9.06910421e-01 -8.81092382e-01
  -8.63616209e-01 -8.33735968e-01 -8.09587792e-01 -7.78199999e-01
  -7.51091799e-01 -7.14854000e-01 -6.81873297e-01 -6.41021702e-01
  -6.02116351e-01 -5.61421052e-01 -5.17112368e-01 -4.73582875e-01
  -4.28971414e-01 -3.82620569e-01 -3.33978902e-01 -2.84932051e-01
  -2.37649202e-01 -1.86340751e-01 -1.36096270e-01 -8.50571295e-02
  -3.45276870e-02  1.83098408e-02  6.86238811e-02  1.18838198e-01]
 [-1.30218958e-01 -1.79790897e-01 -2.28351849e-01 -2.76795177e-01
  -3.24383154e-01 -3.70785169e-01 -4.17010587e-01 -4.57502771e-01
  -5.03542244e-01 -5.41599182e-01 -5.83704612e-01 -6.20175743e-01
  -6.59352510e-01 -6.94775188e-01 -7.25535078e-01 -7.58219496e-01
  -7.89027580e-01 -8.12995864e-01 -8.37250952e-01 -8.59567457e-01
  -8.81168208e-01 -8.90753528e-01 -9.07377965e-01 -9.23417892e-01
  -9.31261081e-01 -9.32325015e-01 -9.42761369e-01 -9.45178868e-01
  -9.42498275e-01 -9.37615697e-01 -9.30275217e-01 -9.19607316e-01
  -9.09030970e-01 -8.95416269e-01 -8.73168342e-01 -8.57508594e-01
  -8.33064782e-01 -8.09031439e-01 -7.82664443e-01 -7.53599111e-01
  -7.23742316e-01 -6.92278613e-01 -6.55073937e-01 -6.17214468e-01
  -5.78732642e-01 -5.39346429e-01 -4.98523968e-01 -4.53629442e-01
  -4.13838245e-01 -3.68221112e-01 -3.21290635e-01 -2.73974581e-01
  -2.25943362e-01 -1.77116756e-01 -1.28077035e-01 -7.87424944e-02
  -2.88873963e-02  2.15132117e-02  7.22154871e-02  1.20882917e-01]
 [-1.33489922e-01 -1.79492792e-01 -2.26985155e-01 -2.70577836e-01
  -3.15423456e-01 -3.62156084e-01 -4.04828506e-01 -4.47115239e-01
  -4.87070660e-01 -5.26079652e-01 -5.67591091e-01 -6.02753062e-01
  -6.38988181e-01 -6.70521484e-01 -6.99666759e-01 -7.28443974e-01
  -7.56463486e-01 -7.81471022e-01 -8.07737919e-01 -8.26285786e-01
  -8.36213619e-01 -8.58247561e-01 -8.72386200e-01 -8.83534372e-01
  -8.95093474e-01 -8.96659644e-01 -9.02466937e-01 -9.04500988e-01
  -9.01877335e-01 -8.98398680e-01 -8.88888247e-01 -8.81183951e-01
  -8.65954862e-01 -8.52426815e-01 -8.39496596e-01 -8.19474340e-01
  -7.95565971e-01 -7.75374985e-01 -7.45113626e-01 -7.20181983e-01
  -6.86853595e-01 -6.55098836e-01 -6.25130003e-01 -5.91263145e-01
  -5.53482240e-01 -5.10772991e-01 -4.74155060e-01 -4.34319522e-01
  -3.90020594e-01 -3.47021873e-01 -3.01359858e-01 -2.57755436e-01
  -2.10054747e-01 -1.64532518e-01 -1.17550684e-01 -7.08717645e-02
  -2.28327165e-02  2.42731793e-02  7.26893894e-02  1.21048151e-01]
 [-1.34067261e-01 -1.76453851e-01 -2.20508981e-01 -2.65140731e-01
  -3.08880147e-01 -3.48002855e-01 -3.89556383e-01 -4.30560072e-01
  -4.67103620e-01 -5.05404207e-01 -5.40899851e-01 -5.74176922e-01
  -6.06796043e-01 -6.38126253e-01 -6.67528202e-01 -6.96298488e-01
  -7.20542131e-01 -7.44051600e-01 -7.65857918e-01 -7.84936780e-01
  -8.00841003e-01 -8.13459455e-01 -8.28207648e-01 -8.37567360e-01
  -8.46817119e-01 -8.49082091e-01 -8.54924556e-01 -8.49783317e-01
  -8.49381967e-01 -8.46941816e-01 -8.41448707e-01 -8.29053627e-01
  -8.17685678e-01 -8.05446687e-01 -7.90956211e-01 -7.72387827e-01
  -7.48838156e-01 -7.25765340e-01 -7.01528483e-01 -6.77790048e-01
  -6.45061009e-01 -6.17901550e-01 -5.85867066e-01 -5.52522236e-01
  -5.16807265e-01 -4.78435158e-01 -4.40524893e-01 -4.02846631e-01
  -3.63813472e-01 -3.22735583e-01 -2.79274544e-01 -2.37415367e-01
  -1.95060549e-01 -1.49712589e-01 -1.05548806e-01 -6.02378716e-02
  -1.49617771e-02  2.83820857e-02  7.31636704e-02  1.18949260e-01]
 [-1.33525428e-01 -1.75906053e-01 -2.16095948e-01 -2.56278192e-01
  -2.95948856e-01 -3.33982350e-01 -3.71672455e-01 -4.08925102e-01
  -4.44164915e-01 -4.79721401e-01 -5.12551377e-01 -5.43907522e-01
  -5.74103556e-01 -6.01269119e-01 -6.26034122e-01 -6.54197741e-01
  -6.75970363e-01 -6.98745180e-01 -7.16628922e-01 -7.35292087e-01
  -7.48600185e-01 -7.63216161e-01 -7.70946627e-01 -7.80640290e-01
  -7.87395344e-01 -7.82253273e-01 -7.92793139e-01 -7.95568215e-01
  -7.89865715e-01 -7.83968364e-01 -7.80633492e-01 -7.69870722e-01
  -7.60305930e-01 -7.45442066e-01 -7.31454746e-01 -7.13815745e-01
  -6.94765219e-01 -6.70598461e-01 -6.51500846e-01 -6.23241762e-01
  -5.98432438e-01 -5.70192490e-01 -5.40159907e-01 -5.04346493e-01
  -4.74708002e-01 -4.42801826e-01 -4.02356148e-01 -3.69862429e-01
  -3.30252072e-01 -2.93247299e-01 -2.55251863e-01 -2.12423199e-01
  -1.75254860e-01 -1.34667562e-01 -9.26430479e-02 -5.22436578e-02
  -9.62496893e-03  3.07772699e-02  7.37813411e-02  1.14520027e-01]
 [-1.32620764e-01 -1.71480929e-01 -2.07478226e-01 -2.44607682e-01
  -2.80403008e-01 -3.13551267e-01 -3.49643673e-01 -3.83320988e-01
  -4.15082790e-01 -4.46225667e-01 -4.74077438e-01 -5.02767976e-01
  -5.31500771e-01 -5.52995743e-01 -5.81648729e-01 -6.02922890e-01
  -6.22448473e-01 -6.41133457e-01 -6.60630361e-01 -6.73152677e-01
  -6.88298412e-01 -7.01000971e-01 -7.03565437e-01 -7.16238807e-01
  -7.22959064e-01 -7.25496101e-01 -7.25123599e-01 -7.25669131e-01
  -7.24613146e-01 -7.15323882e-01 -7.13455469e-01 -7.04511609e-01
  -6.92988328e-01 -6.75792531e-01 -6.63963326e-01 -6.45131237e-01
  -6.30912203e-01 -6.12291245e-01 -5.88262903e-01 -5.64714460e-01
  -5.40360300e-01 -5.14113097e-01 -4.86446093e-01 -4.59165995e-01
  -4.30184568e-01 -3.95032639e-01 -3.64654440e-01 -3.31686063e-01
  -2.96484165e-01 -2.61116430e-01 -2.25666318e-01 -1.89472016e-01
  -1.53978342e-01 -1.15864766e-01 -7.55340863e-02 -3.75488794e-02
  -2.98625256e-04  3.63473237e-02  7.48251370e-02  1.12028416e-01]
 [-1.30650150e-01 -1.65581806e-01 -1.97426348e-01 -2.29126452e-01
  -2.61467539e-01 -2.92813783e-01 -3.24042229e-01 -3.51971318e-01
  -3.79479778e-01 -4.09011226e-01 -4.35351139e-01 -4.59672375e-01
  -4.84934376e-01 -5.06066192e-01 -5.24401391e-01 -5.46969304e-01
  -5.63900155e-01 -5.78746564e-01 -5.96335299e-01 -6.05182462e-01
  -6.20890780e-01 -6.29197322e-01 -6.38480058e-01 -6.43315132e-01
  -6.47726112e-01 -6.51260724e-01 -6.52392084e-01 -6.51289857e-01
  -6.47735753e-01 -6.38946125e-01 -6.34973500e-01 -6.28285862e-01
  -6.16682293e-01 -6.03526847e-01 -5.91955309e-01 -5.75145256e-01
  -5.61744641e-01 -5.39924127e-01 -5.20264618e-01 -5.00456240e-01
  -4.79243121e-01 -4.53156724e-01 -4.27954180e-01 -4.03509500e-01
  -3.74687887e-01 -3.48052668e-01 -3.17079438e-01 -2.88044249e-01
  -2.57752403e-01 -2.25364974e-01 -1.92698048e-01 -1.61233848e-01
  -1.29215314e-01 -9.37824621e-02 -5.89196619e-02 -2.95316372e-02
   8.06589274e-03  4.20838514e-02  7.56124068e-02  1.10176993e-01]
 [-1.29444796e-01 -1.58497710e-01 -1.87844106e-01 -2.14228993e-01
  -2.40072857e-01 -2.68637682e-01 -2.95242153e-01 -3.19879515e-01
  -3.43754585e-01 -3.65329179e-01 -3.90518687e-01 -4.11633791e-01
  -4.27235098e-01 -4.49529052e-01 -4.69122081e-01 -4.84206561e-01
  -4.97881364e-01 -5.12548177e-01 -5.21910626e-01 -5.35492018e-01
  -5.43177913e-01 -5.52027081e-01 -5.59468137e-01 -5.64087315e-01
  -5.67619822e-01 -5.67867417e-01 -5.66043915e-01 -5.64236612e-01
  -5.61525652e-01 -5.57084174e-01 -5.51927081e-01 -5.42726141e-01
  -5.35508090e-01 -5.23281970e-01 -5.10650323e-01 -4.98225665e-01
  -4.81400555e-01 -4.66552205e-01 -4.49018195e-01 -4.27377889e-01
  -4.08952732e-01 -3.88736587e-01 -3.64544064e-01 -3.42008048e-01
  -3.18162903e-01 -2.94163887e-01 -2.67734791e-01 -2.43661391e-01
  -2.14817464e-01 -1.88188218e-01 -1.56858957e-01 -1.30730378e-01
  -1.00968857e-01 -6.92621203e-02 -4.33867335e-02 -1.26758925e-02
   1.62185539e-02  4.28440164e-02  7.28526438e-02  1.04980700e-01]
 [-1.22870701e-01 -1.47385510e-01 -1.71921628e-01 -1.93902624e-01
  -2.20725292e-01 -2.39658707e-01 -2.61317110e-01 -2.82453898e-01
  -3.01643722e-01 -3.20669913e-01 -3.41540734e-01 -3.56305449e-01
  -3.74167020e-01 -3.89379293e-01 -4.02120680e-01 -4.18859355e-01
  -4.28658370e-01 -4.36671180e-01 -4.48021672e-01 -4.57250760e-01
  -4.63063896e-01 -4.68026129e-01 -4.70000595e-01 -4.74942129e-01
  -4.80307706e-01 -4.79548492e-01 -4.78504396e-01 -4.76432681e-01
  -4.69617851e-01 -4.66150058e-01 -4.62666258e-01 -4.52502726e-01
  -4.47489778e-01 -4.35877430e-01 -4.23084703e-01 -4.12533759e-01
  -3.97091899e-01 -3.83477228e-01 -3.69354843e-01 -3.50236344e-01
  -3.33963569e-01 -3.17404019e-01 -2.96744292e-01 -2.77894293e-01
  -2.54947683e-01 -2.35331961e-01 -2.15958782e-01 -1.90354280e-01
  -1.68839556e-01 -1.46834566e-01 -1.21491581e-01 -9.74187657e-02
  -7.20047048e-02 -4.58662590e-02 -2.47544238e-02 -1.62950928e-04
   2.52901587e-02  5.05601200e-02  7.49431207e-02  9.96094035e-02]
 [-1.20635614e-01 -1.37440016e-01 -1.56672068e-01 -1.75912224e-01
  -1.92992181e-01 -2.11803716e-01 -2.25973400e-01 -2.44302144e-01
  -2.58643853e-01 -2.74657625e-01 -2.89236662e-01 -2.99878264e-01
  -3.13505131e-01 -3.26061713e-01 -3.34895482e-01 -3.45583885e-01
  -3.52451775e-01 -3.58797120e-01 -3.66187129e-01 -3.73789075e-01
  -3.79500851e-01 -3.82062771e-01 -3.82728886e-01 -3.84276319e-01
  -3.87429099e-01 -3.84065505e-01 -3.83036125e-01 -3.80700358e-01
  -3.76210144e-01 -3.71262674e-01 -3.63334021e-01 -3.57871961e-01
  -3.51747411e-01 -3.44374721e-01 -3.34699252e-01 -3.21051379e-01
  -3.12663572e-01 -2.95745106e-01 -2.84188906e-01 -2.70444478e-01
  -2.57096902e-01 -2.37729157e-01 -2.25146361e-01 -2.09248541e-01
  -1.94143651e-01 -1.74788759e-01 -1.59644757e-01 -1.38975587e-01
  -1.19304781e-01 -1.01415935e-01 -8.04752189e-02 -6.21895730e-02
  -4.42252004e-02 -2.54804251e-02 -5.29313460e-03  1.51854720e-02
   3.47343399e-02  5.59340361e-02  7.56252574e-02  9.19646258e-02]
 [-1.13371912e-01 -1.28131006e-01 -1.42560363e-01 -1.54391555e-01
  -1.68273836e-01 -1.79410097e-01 -1.92121437e-01 -2.02218099e-01
  -2.10686400e-01 -2.22460441e-01 -2.33566604e-01 -2.37788320e-01
  -2.48533704e-01 -2.55985858e-01 -2.64063564e-01 -2.66501128e-01
  -2.74755721e-01 -2.77535217e-01 -2.79866610e-01 -2.86113468e-01
  -2.87594097e-01 -2.87603813e-01 -2.90186542e-01 -2.89202162e-01
  -2.88281605e-01 -2.84791612e-01 -2.84788498e-01 -2.81756949e-01
  -2.77316843e-01 -2.71806793e-01 -2.66582932e-01 -2.59982552e-01
  -2.55110521e-01 -2.47783315e-01 -2.37906285e-01 -2.27043423e-01
  -2.19786702e-01 -2.08997158e-01 -1.99872647e-01 -1.86642712e-01
  -1.74559442e-01 -1.64835843e-01 -1.49775476e-01 -1.36447454e-01
  -1.26313908e-01 -1.11481714e-01 -9.88150720e-02 -8.47167212e-02
  -6.99092797e-02 -5.41804667e-02 -4.18669121e-02 -2.94461227e-02
  -1.21287657e-02  4.09672349e-04  1.55669746e-02  3.08527676e-02
   4.39942339e-02  5.91203423e-02  7.07998232e-02  8.55372092e-02]
 [-1.07157791e-01 -1.15952746e-01 -1.22816719e-01 -1.31903634e-01
  -1.40530970e-01 -1.45230670e-01 -1.51042761e-01 -1.59383986e-01
  -1.64532273e-01 -1.68151472e-01 -1.74024231e-01 -1.77694107e-01
  -1.86938612e-01 -1.84401436e-01 -1.89146228e-01 -1.89496591e-01
  -1.91575518e-01 -1.94536819e-01 -1.95680956e-01 -1.93959734e-01
  -1.95245965e-01 -1.94793621e-01 -1.94631016e-01 -1.89274906e-01
  -1.85771531e-01 -1.88161099e-01 -1.81347578e-01 -1.76421745e-01
  -1.71547049e-01 -1.68506096e-01 -1.64937230e-01 -1.60001323e-01
  -1.53582770e-01 -1.44975156e-01 -1.37919642e-01 -1.31155957e-01
  -1.24345691e-01 -1.16603681e-01 -1.09790728e-01 -1.00718913e-01
  -9.41593459e-02 -8.38474152e-02 -7.33817453e-02 -6.47740034e-02
  -5.63536479e-02 -4.68131441e-02 -3.99469797e-02 -2.98389278e-02
  -1.93026091e-02 -9.54101414e-03  3.23459244e-04  1.06003150e-02
   1.68997706e-02  2.70766611e-02  3.69273902e-02  4.58919232e-02
   5.23622901e-02  6.26755283e-02  7.04235778e-02  7.93947738e-02]
 [-1.00744068e-01 -1.03738054e-01 -1.05323262e-01 -1.05983441e-01
  -1.11760353e-01 -1.10704122e-01 -1.12116968e-01 -1.12045173e-01
  -1.13991939e-01 -1.14707098e-01 -1.14949125e-01 -1.15047805e-01
  -1.12231079e-01 -1.13742156e-01 -1.11596649e-01 -1.09089691e-01
  -1.08257625e-01 -1.07366185e-01 -1.03569614e-01 -1.01045246e-01
  -9.84882827e-02 -9.78043260e-02 -9.38800972e-02 -8.95578854e-02
  -8.65896361e-02 -8.24886576e-02 -7.65061468e-02 -7.31830031e-02
  -6.87067381e-02 -6.20579833e-02 -5.84192216e-02 -5.61365607e-02
  -4.73205697e-02 -4.62163648e-02 -4.29267411e-02 -3.37819195e-02
  -3.03833872e-02 -2.23689088e-02 -1.78833693e-02 -1.74621079e-02
  -6.01875021e-03 -1.04346536e-03  3.43962760e-03  6.21698221e-03
   1.33860719e-02  1.52748324e-02  2.30677755e-02  2.77651671e-02
   3.43845133e-02  3.57261452e-02  4.20079991e-02  4.50418720e-02
   4.54544658e-02  4.82283746e-02  5.30687268e-02  6.17022859e-02
   6.06120310e-02  6.66295823e-02  6.63495831e-02  7.08646793e-02]
 [-9.31054465e-02 -8.92060681e-02 -8.51356801e-02 -8.33642172e-02
  -7.91411439e-02 -7.73091745e-02 -7.21060423e-02 -6.78327340e-02
  -6.34830207e-02 -5.89288112e-02 -5.51554077e-02 -4.67962010e-02
  -4.50563754e-02 -4.12073709e-02 -3.38100608e-02 -3.15622179e-02
  -2.44321586e-02 -2.00641430e-02 -1.32252316e-02 -7.94905642e-03
  -2.31272532e-03  1.96438450e-03  5.39660700e-03  1.21854526e-02
   1.66376169e-02  2.18899116e-02  3.04781960e-02  3.15732713e-02
   3.70492677e-02  4.13455153e-02  4.71395606e-02  4.91200723e-02
   5.43280792e-02  5.82127087e-02  6.17855883e-02  6.58835862e-02
   6.99095271e-02  7.14184362e-02  7.05655217e-02  7.66608888e-02
   7.91674537e-02  7.94843213e-02  8.13430914e-02  8.25523340e-02
   8.26394269e-02  8.32903855e-02  8.22975915e-02  8.58056826e-02
   8.44259664e-02  8.15540787e-02  7.93680258e-02  8.17610188e-02
   8.02156621e-02  7.77768869e-02  7.50629966e-02  7.59236043e-02
   7.39648568e-02  6.94934968e-02  6.75534670e-02  6.19921140e-02]
 [-8.50875922e-02 -7.54238596e-02 -7.22143047e-02 -5.84163706e-02
  -4.76768331e-02 -4.29808722e-02 -3.42162080e-02 -2.30470599e-02
  -1.37411276e-02 -5.25683962e-03  7.84267706e-03  1.65431759e-02
   2.44054239e-02  3.23690242e-02  4.21141680e-02  4.91518354e-02
   5.90960914e-02  6.87720223e-02  7.69505521e-02  8.49851866e-02
   9.06503564e-02  9.69162107e-02  1.07637415e-01  1.12946852e-01
   1.19732098e-01  1.26863467e-01  1.33398984e-01  1.36554597e-01
   1.38977948e-01  1.48144178e-01  1.49565548e-01  1.53443155e-01
   1.59497804e-01  1.60023788e-01  1.60504861e-01  1.63139575e-01
   1.60138610e-01  1.65096179e-01  1.62204239e-01  1.66163118e-01
   1.61848909e-01  1.63407631e-01  1.60083180e-01  1.57482423e-01
   1.55359125e-01  1.50299076e-01  1.45617423e-01  1.40686827e-01
   1.34403785e-01  1.28682666e-01  1.26045780e-01  1.16547998e-01
   1.13343165e-01  1.02500513e-01  9.40369365e-02  9.01110385e-02
   8.29338552e-02  7.25711136e-02  6.49380763e-02  5.04631110e-02]
 [-7.69677315e-02 -6.21816881e-02 -4.94810287e-02 -3.02383661e-02
  -1.75189859e-02 -6.00218309e-03  8.39292996e-03  2.33289551e-02
   3.66481423e-02  5.22689832e-02  6.57381388e-02  7.81035024e-02
   9.52844724e-02  1.03768789e-01  1.20250691e-01  1.28649478e-01
   1.44588214e-01  1.54443559e-01  1.64839296e-01  1.77854860e-01
   1.86787973e-01  1.98362021e-01  2.00309332e-01  2.15377140e-01
   2.22426306e-01  2.30701184e-01  2.35965221e-01  2.43584885e-01
   2.47880463e-01  2.52010914e-01  2.50367143e-01  2.54645420e-01
   2.59426633e-01  2.58042936e-01  2.59633481e-01  2.59747841e-01
   2.57548401e-01  2.57773916e-01  2.55588013e-01  2.50131872e-01
   2.45164193e-01  2.42643875e-01  2.34028196e-01  2.29099621e-01
   2.20387828e-01  2.15216078e-01  2.03175649e-01  1.93781715e-01
   1.86317130e-01  1.72300203e-01  1.63471991e-01  1.52715889e-01
   1.39696860e-01  1.28814783e-01  1.15010725e-01  1.03025514e-01
   8.93034380e-02  7.68109426e-02  6.05860521e-02  4.69867331e-02]
 [-6.64503661e-02 -4.83408345e-02 -2.74975925e-02 -8.87477851e-03
   1.15718872e-02  2.70088125e-02  4.77111941e-02  6.85249924e-02
   8.69935246e-02  1.05362028e-01  1.23160610e-01  1.42514338e-01
   1.61159989e-01  1.78232876e-01  1.95199864e-01  2.10958219e-01
   2.18865160e-01  2.37283744e-01  2.49636892e-01  2.66404088e-01
   2.78247929e-01  2.87434433e-01  2.97561680e-01  3.14061019e-01
   3.19410023e-01  3.28806569e-01  3.33051768e-01  3.41956102e-01
   3.46927467e-01  3.50619841e-01  3.53431682e-01  3.53184139e-01
   3.59477358e-01  3.57669989e-01  3.59038518e-01  3.50372612e-01
   3.50805802e-01  3.46286422e-01  3.38546187e-01  3.34801289e-01
   3.23487554e-01  3.20163548e-01  3.08828364e-01  2.95605553e-01
   2.89134929e-01  2.76068287e-01  2.60751798e-01  2.48812186e-01
   2.33570202e-01  2.18653981e-01  1.98238903e-01  1.89361661e-01
   1.69277445e-01  1.52386841e-01  1.33504770e-01  1.17265208e-01
   9.84049345e-02  7.71327520e-02  5.96097326e-02  3.79776112e-02]
 [-5.87253137e-02 -3.34576653e-02 -8.88182915e-03  1.73876247e-02
   4.08113078e-02  6.33954445e-02  8.98265478e-02  1.11978501e-01
   1.35750945e-01  1.60550509e-01  1.81863430e-01  2.01667047e-01
   2.25633652e-01  2.47472812e-01  2.68777741e-01  2.83320333e-01
   3.03709273e-01  3.22537007e-01  3.38002770e-01  3.53824912e-01
   3.67607309e-01  3.79087622e-01  3.91256593e-01  4.05745561e-01
   4.14215179e-01  4.23737172e-01  4.29753841e-01  4.40112375e-01
   4.42773764e-01  4.46641142e-01  4.49243961e-01  4.54407728e-01
   4.51693726e-01  4.47042302e-01  4.48825290e-01  4.42682369e-01
   4.37719493e-01  4.33015885e-01  4.21803589e-01  4.08650290e-01
   4.05717553e-01  3.88593138e-01  3.83179302e-01  3.66090469e-01
   3.48853211e-01  3.35084205e-01  3.18310868e-01  3.02193045e-01
   2.83181395e-01  2.61802340e-01  2.39967780e-01  2.17981912e-01
   1.95473288e-01  1.75997373e-01  1.51914515e-01  1.25835485e-01
   1.03898628e-01  7.90053590e-02  5.77845705e-02  3.30030057e-02]
 [-4.66946641e-02 -1.93273829e-02  9.19988702e-03  3.96986184e-02
   6.68168622e-02  9.85691170e-02  1.27071194e-01  1.53499896e-01
   1.81005631e-01  2.08922983e-01  2.34230320e-01  2.61469076e-01
   2.88409398e-01  3.11392516e-01  3.34248719e-01  3.54878853e-01
   3.79513286e-01  3.99323422e-01  4.17775341e-01  4.39596529e-01
   4.49047551e-01  4.68244435e-01  4.81342118e-01  4.96979120e-01
   5.07824001e-01  5.13062144e-01  5.22183743e-01  5.24358678e-01
   5.34432560e-01  5.37542709e-01  5.36394446e-01  5.38454435e-01
   5.43692878e-01  5.38529907e-01  5.28129917e-01  5.31220864e-01
   5.17187101e-01  5.10837870e-01  4.99847039e-01  4.91171150e-01
   4.77853048e-01  4.62367404e-01  4.46620349e-01  4.28593765e-01
   4.08355602e-01  3.91504007e-01  3.70757766e-01  3.46278008e-01
   3.25032606e-01  3.01401490e-01  2.76132847e-01  2.51235874e-01
   2.20556596e-01  1.93867756e-01  1.67601018e-01  1.39377122e-01
   1.10224093e-01  8.15589486e-02  5.46553877e-02  2.49640636e-02]
 [-3.89118029e-02 -8.27916150e-03  2.84551632e-02  6.30801785e-02
   9.67650106e-02  1.28044961e-01  1.61393280e-01  1.94456185e-01
   2.23958250e-01  2.57512691e-01  2.85813557e-01  3.13329139e-01
   3.43373353e-01  3.74881896e-01  3.96396013e-01  4.26005383e-01
   4.44623468e-01  4.70917444e-01  4.92406980e-01  5.11699341e-01
   5.34418316e-01  5.46192375e-01  5.62118924e-01  5.77084044e-01
   5.90597321e-01  6.02301460e-01  6.09961160e-01  6.18932983e-01
   6.16435252e-01  6.28204831e-01  6.25854972e-01  6.28050261e-01
   6.24696321e-01  6.19384006e-01  6.19292110e-01  6.07773919e-01
   5.99865878e-01  5.85040447e-01  5.75493393e-01  5.62134413e-01
   5.43632390e-01  5.23912729e-01  5.10685246e-01  4.85106142e-01
   4.63578166e-01  4.36978172e-01  4.18706818e-01  3.94747350e-01
   3.63947875e-01  3.38107887e-01  3.05758324e-01  2.78576145e-01
   2.46911858e-01  2.16649135e-01  1.80029942e-01  1.51253993e-01
   1.18059741e-01  8.37625806e-02  5.14203891e-02  1.56798799e-02]
 [-2.96056529e-02  8.26596497e-03  4.70485196e-02  8.40551805e-02
   1.18655452e-01  1.56879600e-01  1.94201759e-01  2.31800328e-01
   2.67505675e-01  3.00613265e-01  3.32755495e-01  3.67434401e-01
   3.98358683e-01  4.30375064e-01  4.57302311e-01  4.84806943e-01
   5.13788205e-01  5.39176905e-01  5.60296705e-01  5.83378474e-01
   6.07540990e-01  6.26129462e-01  6.41663413e-01  6.56304244e-01
   6.69590408e-01  6.80721653e-01  6.89698116e-01  6.94266730e-01
   7.03660843e-01  7.05456425e-01  7.00740720e-01  7.08447070e-01
   7.04117244e-01  6.99308753e-01  6.92115540e-01  6.77273194e-01
   6.70391918e-01  6.49649746e-01  6.38858242e-01  6.15746260e-01
   6.04763265e-01  5.84044011e-01  5.62165988e-01  5.37328502e-01
   5.18410849e-01  4.90902546e-01  4.64263154e-01  4.31901122e-01
   4.02364381e-01  3.69104898e-01  3.35301906e-01  3.02101743e-01
   2.69995714e-01  2.33487694e-01  1.96474365e-01  1.58241392e-01
   1.18711255e-01  8.25559900e-02  4.57561911e-02  7.75723875e-03]
 [-1.98270519e-02  2.09108266e-02  6.12212817e-02  1.05977196e-01
   1.46349902e-01  1.86176553e-01  2.26581725e-01  2.66319830e-01
   3.03199017e-01  3.39245210e-01  3.76827452e-01  4.13075143e-01
   4.48853221e-01  4.82234349e-01  5.15088341e-01  5.41570232e-01
   5.70243147e-01  5.98833264e-01  6.26767972e-01  6.49049380e-01
   6.67255915e-01  6.89921085e-01  7.07151474e-01  7.25838896e-01
   7.37911295e-01  7.48205894e-01  7.62266347e-01  7.68219231e-01
   7.70938954e-01  7.74831267e-01  7.75316371e-01  7.72502174e-01
   7.67469891e-01  7.62191950e-01  7.55592716e-01  7.46874497e-01
   7.36139281e-01  7.22408014e-01  7.02812691e-01  6.76007613e-01
   6.62361378e-01  6.37232467e-01  6.15173391e-01  5.86648299e-01
   5.58546186e-01  5.32638456e-01  4.98162768e-01  4.66900358e-01
   4.32034070e-01  4.00669471e-01  3.61754264e-01  3.27748751e-01
   2.85999778e-01  2.46810336e-01  2.07943403e-01  1.66806062e-01
   1.24915717e-01  8.35729331e-02  4.34957357e-02  3.88374460e-04]
 [-1.09832052e-02  3.24427588e-02  7.88635762e-02  1.20726288e-01
   1.62835940e-01  2.07779208e-01  2.52118075e-01  2.97717601e-01
   3.39923190e-01  3.78876832e-01  4.20340573e-01  4.53198412e-01
   4.90754894e-01  5.26044685e-01  5.59632401e-01  5.93088131e-01
   6.23931990e-01  6.53463656e-01  6.78776380e-01  7.07126857e-01
   7.30512760e-01  7.52593399e-01  7.65890151e-01  7.88316616e-01
   7.98226528e-01  8.14806446e-01  8.17489461e-01  8.24088614e-01
   8.34265713e-01  8.36029690e-01  8.36816032e-01  8.32937339e-01
   8.28377712e-01  8.20466015e-01  8.16807121e-01  8.03539074e-01
   7.86611632e-01  7.70520709e-01  7.51893644e-01  7.31877444e-01
   7.08856977e-01  6.88110910e-01  6.61478393e-01  6.30565417e-01
   5.97584050e-01  5.64508949e-01  5.29854343e-01  4.99066503e-01
   4.60188133e-01  4.21797311e-01  3.83889687e-01  3.44394246e-01
   3.03099741e-01  2.60733703e-01  2.16727637e-01  1.75268761e-01
   1.29011210e-01  8.62269758e-02  4.08419386e-02 -3.84416131e-03]
 [-2.76388761e-03  4.47191743e-02  9.16803475e-02  1.36881896e-01
   1.83930416e-01  2.31981129e-01  2.76453023e-01  3.21417405e-01
   3.62323417e-01  4.08982551e-01  4.50286261e-01  4.91643344e-01
   5.32358406e-01  5.68878278e-01  6.01010798e-01  6.39655194e-01
   6.69728674e-01  6.98238825e-01  7.23432995e-01  7.52225877e-01
   7.78359136e-01  7.99601710e-01  8.17984755e-01  8.38550503e-01
   8.54833430e-01  8.61137784e-01  8.74704661e-01  8.84907716e-01
   8.87749852e-01  8.88761259e-01  8.85703364e-01  8.87927922e-01
   8.85301649e-01  8.71768373e-01  8.64085551e-01  8.50574152e-01
   8.35074610e-01  8.16740199e-01  7.96506853e-01  7.76909208e-01
   7.49370543e-01  7.18164184e-01  6.97367418e-01  6.61182764e-01
   6.31629401e-01  5.97484169e-01  5.63238084e-01  5.20069839e-01
   4.87274301e-01  4.44578980e-01  3.99713190e-01  3.60940877e-01
   3.17234136e-01  2.68544969e-01  2.25667674e-01  1.79513669e-01
   1.31566686e-01  8.43554128e-02  3.81343837e-02 -1.14888856e-02]
 [ 5.25518290e-03  5.48969544e-02  1.02999103e-01  1.53033024e-01
   2.01994479e-01  2.50294559e-01  2.96074453e-01  3.44360116e-01
   3.91482796e-01  4.36465066e-01  4.77490203e-01  5.22026688e-01
   5.60889958e-01  6.00490711e-01  6.37036471e-01  6.71714037e-01
   7.07824261e-01  7.38922267e-01  7.68287461e-01  7.94532196e-01
   8.20519785e-01  8.41845913e-01  8.53142105e-01  8.82505523e-01
   8.94829768e-01  9.04814471e-01  9.14536004e-01  9.18974964e-01
   9.26017771e-01  9.27304975e-01  9.32750554e-01  9.24536574e-01
   9.23053350e-01  9.05682356e-01  9.02162228e-01  8.90286519e-01
   8.72172566e-01  8.52973914e-01  8.30251109e-01  8.11203247e-01
   7.81830647e-01  7.55571672e-01  7.20938915e-01  6.89942828e-01
   6.57169998e-01  6.19049295e-01  5.80159539e-01  5.45571651e-01
   5.02459398e-01  4.61577957e-01  4.19421276e-01  3.72234512e-01
   3.24386880e-01  2.78870004e-01  2.30714214e-01  1.83066510e-01
   1.33186491e-01  8.28583616e-02  3.40716794e-02 -1.54348063e-02]
 [ 1.20881211e-02  6.37340452e-02  1.15527098e-01  1.65529779e-01
   2.17452815e-01  2.66670672e-01  3.16611710e-01  3.60296585e-01
   4.11034695e-01  4.59998143e-01  5.02010070e-01  5.45362361e-01
   5.86567404e-01  6.26574281e-01  6.66948099e-01  7.00840632e-01
   7.37497810e-01  7.65347132e-01  7.98407093e-01  8.23771219e-01
   8.45968737e-01  8.77502225e-01  8.95913091e-01  9.08179574e-01
   9.27162479e-01  9.35493479e-01  9.46612918e-01  9.56766109e-01
   9.56891607e-01  9.65294930e-01  9.59565392e-01  9.61134996e-01
   9.51821211e-01  9.40083759e-01  9.29082165e-01  9.16270830e-01
   8.98244631e-01  8.78124746e-01  8.58154339e-01  8.33950793e-01
   8.06439814e-01  7.77865731e-01  7.45896060e-01  7.10715988e-01
   6.74810956e-01  6.35685582e-01  5.96491363e-01  5.60230050e-01
   5.19114738e-01  4.67974022e-01  4.25614435e-01  3.81615624e-01
   3.31942078e-01  2.83682033e-01  2.32143585e-01  1.83406489e-01
   1.32673848e-01  8.26931610e-02  3.09463985e-02 -2.01671325e-02]
 [ 1.85258029e-02  7.26283445e-02  1.23877194e-01  1.76518776e-01
   2.27303730e-01  2.78463687e-01  3.27675893e-01  3.76034081e-01
   4.25947007e-01  4.71960193e-01  5.18664458e-01  5.62695858e-01
   6.05908763e-01  6.42931479e-01  6.85897243e-01  7.20574873e-01
   7.56182156e-01  7.83937394e-01  8.16017613e-01  8.43194220e-01
   8.70428676e-01  8.92216237e-01  9.15789769e-01  9.32842325e-01
   9.46707717e-01  9.60669791e-01  9.67779423e-01  9.75409639e-01
   9.82205788e-01  9.77303992e-01  9.85339109e-01  9.78812576e-01
   9.69119967e-01  9.60672009e-01  9.48322659e-01  9.38186469e-01
   9.16932595e-01  8.95452487e-01  8.65547359e-01  8.47165189e-01
   8.18982287e-01  7.92442830e-01  7.57427784e-01  7.23655090e-01
   6.82782168e-01  6.50335047e-01  6.06743888e-01  5.65374308e-01
   5.22575487e-01  4.77143690e-01  4.31407818e-01  3.84226648e-01
   3.36666051e-01  2.85546562e-01  2.34968347e-01  1.84043585e-01
   1.33171271e-01  8.12905878e-02  2.73273384e-02 -2.43913384e-02]
 [ 2.59262509e-02  7.78483125e-02  1.31870824e-01  1.84102705e-01
   2.36212373e-01  2.87777439e-01  3.37027604e-01  3.87113188e-01
   4.35412806e-01  4.82992824e-01  5.28949195e-01  5.73114529e-01
   6.15099503e-01  6.55149670e-01  6.90710727e-01  7.33082644e-01
   7.64147282e-01  7.99725149e-01  8.27399306e-01  8.56436892e-01
   8.81680281e-01  9.08135348e-01  9.21382331e-01  9.40972522e-01
   9.60239064e-01  9.71296744e-01  9.82922894e-01  9.89940071e-01
   9.96011045e-01  9.95290171e-01  9.92659227e-01  9.83428415e-01
   9.83164597e-01  9.72304882e-01  9.52995266e-01  9.42184150e-01
   9.25246620e-01  9.04350572e-01  8.77497153e-01  8.54502181e-01
   8.24108935e-01  7.92215962e-01  7.63948712e-01  7.27185176e-01
   6.91444573e-01  6.52314714e-01  6.10747006e-01  5.68410277e-01
   5.24666927e-01  4.79807314e-01  4.33338815e-01  3.85973350e-01
   3.33514677e-01  2.85797097e-01  2.34451241e-01  1.83119445e-01
   1.31204204e-01  7.92277805e-02  2.57545370e-02 -2.60416573e-02]
 [ 3.14247969e-02  8.54183665e-02  1.36803949e-01  1.89301745e-01
   2.41370169e-01  2.92744768e-01  3.39594466e-01  3.90976826e-01
   4.36247627e-01  4.85156945e-01  5.31516138e-01  5.74745172e-01
   6.15295955e-01  6.56375252e-01  6.95283875e-01  7.31645764e-01
   7.65530421e-01  8.01207944e-01  8.31268114e-01  8.59944471e-01
   8.82137533e-01  9.04591737e-01  9.26961879e-01  9.39899580e-01
   9.57956605e-01  9.75812544e-01  9.81383141e-01  9.87246159e-01
   9.93896693e-01  9.94762931e-01  9.86816678e-01  9.87876586e-01
   9.76251464e-01  9.66711977e-01  9.46701604e-01  9.38564538e-01
   9.19234858e-01  9.03055233e-01  8.78881965e-01  8.51111779e-01
   8.24592670e-01  7.92943667e-01  7.60357033e-01  7.22957485e-01
   6.89931012e-01  6.50482113e-01  6.07496652e-01  5.67139758e-01
   5.20820093e-01  4.76904387e-01  4.28589756e-01  3.82869350e-01
   3.32482262e-01  2.83421915e-01  2.32431078e-01  1.79847544e-01
   1.27026589e-01  7.66900443e-02  2.34338497e-02 -2.82004512e-02]
 [ 3.63480847e-02  8.81688833e-02  1.40401340e-01  1.90903502e-01
   2.43299501e-01  2.92214829e-01  3.43134960e-01  3.90718641e-01
   4.37042383e-01  4.84953473e-01  5.28495044e-01  5.71125714e-01
   6.14640049e-01  6.50482284e-01  6.90677729e-01  7.26903916e-01
   7.62741510e-01  7.91712935e-01  8.20699871e-01  8.46371157e-01
   8.75951419e-01  8.97623949e-01  9.17814691e-01  9.37870909e-01
   9.47069022e-01  9.61846499e-01  9.70431822e-01  9.72023501e-01
   9.76802506e-01  9.81973958e-01  9.77996118e-01  9.71132277e-01
   9.65892936e-01  9.48254999e-01  9.45345856e-01  9.25624372e-01
   9.11522135e-01  8.82647991e-01  8.64277256e-01  8.36897220e-01
   8.10711438e-01  7.83156491e-01  7.51118211e-01  7.16371046e-01
   6.73951675e-01  6.36958815e-01  5.97756049e-01  5.55841903e-01
   5.13229835e-01  4.66518882e-01  4.22863972e-01  3.72089184e-01
   3.25390140e-01  2.77057365e-01  2.25960549e-01  1.76389557e-01
   1.24693622e-01  7.36641688e-02  2.25454272e-02 -3.07975651e-02]
 [ 4.04244389e-02  8.99111472e-02  1.41542422e-01  1.92162015e-01
   2.40665514e-01  2.90374361e-01  3.39327142e-01  3.82535904e-01
   4.31428564e-01  4.77688550e-01  5.18724436e-01  5.62558070e-01
   6.04129529e-01  6.39054760e-01  6.76251314e-01  7.11643872e-01
   7.44028808e-01  7.75294944e-01  8.08105771e-01  8.30543456e-01
   8.52226141e-01  8.78308971e-01  8.93690547e-01  9.13215056e-01
   9.25958853e-01  9.36313003e-01  9.44507799e-01  9.51069470e-01
   9.56000676e-01  9.57970247e-01  9.50053780e-01  9.49062892e-01
   9.40297317e-01  9.30320356e-01  9.18587485e-01  9.05606937e-01
   8.82872096e-01  8.66714585e-01  8.39797088e-01  8.09754670e-01
   7.90208286e-01  7.61838923e-01  7.28866077e-01  6.93995654e-01
   6.56713925e-01  6.20681609e-01  5.81498516e-01  5.40965935e-01
   4.95145608e-01  4.54897135e-01  4.09802736e-01  3.62772702e-01
   3.16701605e-01  2.68301518e-01  2.19613173e-01  1.70012991e-01
   1.20870150e-01  6.89831994e-02  2.02011024e-02 -3.01745533e-02]
 [ 4.23158131e-02  9.13562637e-02  1.40692679e-01  1.88351010e-01
   2.35492066e-01  2.82938981e-01  3.30955960e-01  3.75046355e-01
   4.20735356e-01  4.60918132e-01  5.05197306e-01  5.46979828e-01
   5.86477423e-01  6.21477362e-01  6.57134164e-01  6.89652420e-01
   7.21561235e-01  7.50063557e-01  7.75051618e-01  8.04435470e-01
   8.28918004e-01  8.49825936e-01  8.65664772e-01  8.82516329e-01
   8.91297448e-01  9.00701166e-01  9.11359325e-01  9.20761500e-01
   9.18495023e-01  9.21199487e-01  9.17537038e-01  9.15929601e-01
   9.04885127e-01  8.94646685e-01  8.80662639e-01  8.68136476e-01
   8.53867517e-01  8.28286925e-01  8.10803189e-01  7.83231383e-01
   7.61834124e-01  7.32618997e-01  6.99634237e-01  6.66441052e-01
   6.32757177e-01  5.95088196e-01  5.57594747e-01  5.17775131e-01
   4.78753541e-01  4.37734458e-01  3.93534240e-01  3.47886642e-01
   3.03713400e-01  2.56671244e-01  2.09884715e-01  1.61910624e-01
   1.14581386e-01  6.64717914e-02  1.78257160e-02 -3.10503560e-02]
 [ 4.73241307e-02  9.05975763e-02  1.36026666e-01  1.83068857e-01
   2.29159778e-01  2.73480404e-01  3.18014483e-01  3.59612644e-01
   4.04242069e-01  4.42198160e-01  4.81960153e-01  5.23395784e-01
   5.57892986e-01  5.94188442e-01  6.25773864e-01  6.59240918e-01
   6.88552258e-01  7.16995587e-01  7.39756499e-01  7.67075304e-01
   7.85862135e-01  8.09995156e-01  8.26676583e-01  8.37548110e-01
   8.50433632e-01  8.61314766e-01  8.70437673e-01  8.75137355e-01
   8.76988838e-01  8.77909927e-01  8.71150957e-01  8.68567150e-01
   8.60815638e-01  8.53462913e-01  8.42824035e-01  8.26975600e-01
   8.06883875e-01  7.89955780e-01  7.68323136e-01  7.47534813e-01
   7.19952609e-01  6.93866971e-01  6.65808722e-01  6.33354351e-01
   6.01861821e-01  5.65763206e-01  5.27945584e-01  4.92095610e-01
   4.54727710e-01  4.12186541e-01  3.72750383e-01  3.29395304e-01
   2.86793265e-01  2.42992304e-01  1.96551841e-01  1.53036583e-01
   1.07194442e-01  6.12962398e-02  1.70639498e-02 -3.05199253e-02]
 [ 4.39049824e-02  8.94497912e-02  1.31030753e-01  1.75703084e-01
   2.18889973e-01  2.60506324e-01  3.01762731e-01  3.42399121e-01
   3.79939790e-01  4.20351379e-01  4.55680862e-01  4.91035829e-01
   5.24059310e-01  5.58217948e-01  5.91113245e-01  6.20521311e-01
   6.45388150e-01  6.74153323e-01  6.96111151e-01  7.17891140e-01
   7.39889488e-01  7.59936091e-01  7.72608720e-01  7.88667066e-01
   7.96298769e-01  8.09658237e-01  8.18022445e-01  8.14729295e-01
   8.24379430e-01  8.23164981e-01  8.18675420e-01  8.15909861e-01
   8.10080089e-01  7.99547168e-01  7.89850757e-01  7.72623538e-01
   7.55878599e-01  7.40434745e-01  7.18024881e-01  6.98415571e-01
   6.76691302e-01  6.49886530e-01  6.21908447e-01  5.90369584e-01
   5.59365597e-01  5.29484797e-01  4.93920296e-01  4.60743197e-01
   4.24758224e-01  3.87201247e-01  3.48240696e-01  3.08577645e-01
   2.68449906e-01  2.27361779e-01  1.85145073e-01  1.42468640e-01
   1.00715993e-01  5.75845648e-02  1.40860803e-02 -2.83457325e-02]
 [ 4.47611137e-02  8.69257662e-02  1.26871632e-01  1.65988209e-01
   2.03957195e-01  2.43174396e-01  2.81447829e-01  3.16563605e-01
   3.54853620e-01  3.89304468e-01  4.24676222e-01  4.54698232e-01
   4.89211347e-01  5.18707266e-01  5.47233949e-01  5.73465980e-01
   6.00335392e-01  6.25313780e-01  6.43725308e-01  6.63877398e-01
   6.85599052e-01  7.00860760e-01  7.11841689e-01  7.29454659e-01
   7.39938922e-01  7.43535863e-01  7.51322974e-01  7.55105968e-01
   7.58780818e-01  7.57089311e-01  7.57326155e-01  7.49679276e-01
   7.41879308e-01  7.38081318e-01  7.26962091e-01  7.13433283e-01
   6.99269033e-01  6.79572071e-01  6.65093999e-01  6.42173861e-01
   6.22829091e-01  5.97694570e-01  5.73673941e-01  5.45620271e-01
   5.15048801e-01  4.87089418e-01  4.55838510e-01  4.23289665e-01
   3.89650886e-01  3.55728912e-01  3.20624037e-01  2.79362364e-01
   2.46119020e-01  2.10029978e-01  1.68885740e-01  1.30861279e-01
   9.43997567e-02  5.30645797e-02  1.36543329e-02 -2.50650839e-02]
 [ 4.63612034e-02  8.04898391e-02  1.17622179e-01  1.52503430e-01
   1.87380995e-01  2.22118158e-01  2.57556538e-01  2.91859446e-01
   3.24375534e-01  3.56478957e-01  3.86948243e-01  4.17440992e-01
   4.42417357e-01  4.70727363e-01  4.97195128e-01  5.21565080e-01
   5.43463822e-01  5.64905805e-01  5.85629412e-01  6.05432330e-01
   6.21033211e-01  6.33913383e-01  6.49115079e-01  6.59397368e-01
   6.69876502e-01  6.74233116e-01  6.81384155e-01  6.86205645e-01
   6.85008423e-01  6.86203060e-01  6.85645341e-01  6.80668871e-01
   6.72181946e-01  6.66978966e-01  6.54612757e-01  6.40730833e-01
   6.30827975e-01  6.14649863e-01  5.97784148e-01  5.79893708e-01
   5.60310825e-01  5.40502307e-01  5.15467294e-01  4.91468803e-01
   4.66165469e-01  4.40909787e-01  4.11833018e-01  3.79647245e-01
   3.52321800e-01  3.20512356e-01  2.88430177e-01  2.55443918e-01
   2.24512728e-01  1.87668703e-01  1.53607806e-01  1.20569673e-01
   8.35829539e-02  4.91854649e-02  1.35871023e-02 -2.20009205e-02]
 [ 4.43525711e-02  7.48955364e-02  1.09082356e-01  1.37589409e-01
   1.70103124e-01  2.00483068e-01  2.30659104e-01  2.60379319e-01
   2.89194234e-01  3.16444385e-01  3.45846473e-01  3.68422164e-01
   3.92679174e-01  4.17456913e-01  4.39832684e-01  4.62212549e-01
   4.84153949e-01  5.02898287e-01  5.17912463e-01  5.35053718e-01
   5.50296695e-01  5.59761977e-01  5.74570032e-01  5.82165545e-01
   5.91289709e-01  5.97058612e-01  6.03195267e-01  6.02627929e-01
   6.04640464e-01  6.06814812e-01  6.02700649e-01  6.01331018e-01
   5.95613048e-01  5.87166381e-01  5.78015656e-01  5.67943183e-01
   5.57449987e-01  5.43264531e-01  5.29790284e-01  5.11112484e-01
   4.94446478e-01  4.76083608e-01  4.56257338e-01  4.34089672e-01
   4.10867799e-01  3.86757481e-01  3.62888613e-01  3.35557510e-01
   3.09662203e-01  2.81697203e-01  2.53457456e-01  2.25138556e-01
   1.95845699e-01  1.68604166e-01  1.35673801e-01  1.05399627e-01
   7.84493350e-02  4.34133189e-02  1.23478580e-02 -1.97310163e-02]
 [ 3.97416940e-02  6.62531076e-02  9.51080289e-02  1.19592493e-01
   1.49650657e-01  1.75033959e-01  2.00727744e-01  2.24999472e-01
   2.50253751e-01  2.75324481e-01  2.97754092e-01  3.22558724e-01
   3.39635241e-01  3.61380244e-01  3.77631395e-01  3.98980288e-01
   4.16382977e-01  4.31915063e-01  4.45984433e-01  4.56779165e-01
   4.71247075e-01  4.80263127e-01  4.91985772e-01  4.98066596e-01
   5.06687045e-01  5.09972457e-01  5.15575732e-01  5.19048194e-01
   5.19542133e-01  5.19098687e-01  5.15742063e-01  5.11677193e-01
   5.08661399e-01  5.01123940e-01  4.91359648e-01  4.85680574e-01
   4.75391584e-01  4.63062656e-01  4.51704272e-01  4.39937186e-01
   4.22280488e-01  4.06005803e-01  3.90906805e-01  3.69932569e-01
   3.50413341e-01  3.28616649e-01  3.10317199e-01  2.87917581e-01
   2.63569507e-01  2.40737692e-01  2.19176692e-01  1.92070199e-01
   1.68771072e-01  1.42982718e-01  1.17433536e-01  9.16899269e-02
   6.44168897e-02  3.77528583e-02  1.03896312e-02 -1.50788208e-02]
 [ 3.68022865e-02  5.77152323e-02  8.31919904e-02  1.02860036e-01
   1.29457994e-01  1.46529034e-01  1.67968057e-01  1.87600883e-01
   2.09733461e-01  2.28771190e-01  2.46863884e-01  2.66174460e-01
   2.80680887e-01  2.98202571e-01  3.14527283e-01  3.31997896e-01
   3.43649803e-01  3.56439067e-01  3.68926701e-01  3.79391198e-01
   3.88164735e-01  3.95946799e-01  4.06005069e-01  4.11545200e-01
   4.16977539e-01  4.21914722e-01  4.24396850e-01  4.26816249e-01
   4.24419852e-01  4.25835799e-01  4.24687198e-01  4.19318762e-01
   4.15854017e-01  4.11995504e-01  4.05353792e-01  3.98292645e-01
   3.89184722e-01  3.80835449e-01  3.68399373e-01  3.60428465e-01
   3.44304978e-01  3.30867538e-01  3.17519002e-01  3.06970186e-01
   2.88141683e-01  2.71173269e-01  2.50935239e-01  2.37700711e-01
   2.16007354e-01  2.00319894e-01  1.81015548e-01  1.59590418e-01
   1.39431570e-01  1.18955148e-01  9.85289806e-02  7.85238571e-02
   5.42509889e-02  3.46251740e-02  1.32333603e-02 -1.16213036e-02]
 [ 3.37573494e-02  5.08205456e-02  6.87506295e-02  8.37909983e-02
   1.01281194e-01  1.17954337e-01  1.34037646e-01  1.49269683e-01
   1.63496794e-01  1.79264866e-01  1.94610901e-01  2.07349370e-01
   2.18316466e-01  2.33489483e-01  2.48354481e-01  2.56158187e-01
   2.65254040e-01  2.77721880e-01  2.83543425e-01  2.90552519e-01
   3.02404604e-01  3.08833162e-01  3.12733205e-01  3.17069532e-01
   3.22728012e-01  3.25873892e-01  3.25924842e-01  3.28256901e-01
   3.30252096e-01  3.29355809e-01  3.26610744e-01  3.22329345e-01
   3.22034950e-01  3.16346617e-01  3.10238830e-01  3.05568677e-01
   3.00311342e-01  2.93065856e-01  2.81663407e-01  2.71791709e-01
   2.64212485e-01  2.54812410e-01  2.45546619e-01  2.33442668e-01
   2.22362779e-01  2.10238248e-01  1.95757401e-01  1.81881966e-01
   1.71014546e-01  1.54270491e-01  1.39110326e-01  1.23505042e-01
   1.10023579e-01  9.34210923e-02  7.51181855e-02  6.08963197e-02
   4.77306533e-02  3.06045231e-02  1.35604208e-02 -3.11007312e-03]
 [ 2.82329124e-02  3.75774124e-02  5.36685873e-02  6.16139802e-02
   7.38365163e-02  8.43969663e-02  9.63879949e-02  1.05217176e-01
   1.18850712e-01  1.25252947e-01  1.37655361e-01  1.45565494e-01
   1.55572863e-01  1.64658105e-01  1.70979071e-01  1.79053991e-01
   1.90811726e-01  1.94533598e-01  1.98084131e-01  2.02720210e-01
   2.10144323e-01  2.12931927e-01  2.18543851e-01  2.21556978e-01
   2.21869562e-01  2.26654906e-01  2.26353391e-01  2.28825898e-01
   2.26497293e-01  2.24846900e-01  2.23137960e-01  2.24394185e-01
   2.17820412e-01  2.19443851e-01  2.15551124e-01  2.09304011e-01
   2.05358855e-01  2.01462884e-01  1.93052313e-01  1.86957932e-01
   1.84322850e-01  1.75125712e-01  1.68096884e-01  1.60618582e-01
   1.51650250e-01  1.42984717e-01  1.34483792e-01  1.27571685e-01
   1.14746590e-01  1.05775008e-01  9.51126968e-02  8.71819982e-02
   7.84836619e-02  6.64956093e-02  5.73252835e-02  4.68256412e-02
   3.54902368e-02  2.29689146e-02  1.51153779e-02  2.49239976e-03]
 [ 2.09299871e-02  2.81668619e-02  3.54648331e-02  4.14030992e-02
   4.80287527e-02  5.11905588e-02  5.71900575e-02  6.56167173e-02
   6.79860540e-02  7.45010258e-02  7.77127666e-02  8.58874774e-02
   8.73369461e-02  9.78633354e-02  9.55744285e-02  1.03118592e-01
   1.03774274e-01  1.09917296e-01  1.11926336e-01  1.11322291e-01
   1.17060570e-01  1.16694992e-01  1.19006004e-01  1.22162247e-01
   1.22727186e-01  1.22418569e-01  1.24066026e-01  1.23231981e-01
   1.24687017e-01  1.23824118e-01  1.19773399e-01  1.19251852e-01
   1.16963466e-01  1.15611617e-01  1.14587656e-01  1.13425204e-01
   1.08773672e-01  1.05770365e-01  1.07186536e-01  1.03016887e-01
   9.72840506e-02  9.64722043e-02  8.99093407e-02  8.71656774e-02
   8.17767781e-02  7.70855086e-02  7.36616078e-02  7.12181927e-02
   6.52931667e-02  6.04448086e-02  5.26565696e-02  5.35606004e-02
   4.55424453e-02  3.96821337e-02  3.55370640e-02  3.04069470e-02
   2.23329580e-02  2.19983763e-02  1.39476835e-02  1.08528276e-02]
 [ 1.68916186e-02  1.70941147e-02  1.97078227e-02  1.83216918e-02
   1.82443610e-02  2.13995029e-02  1.99184738e-02  1.74214430e-02
   1.88176367e-02  1.93493309e-02  2.05513597e-02  2.37486734e-02
   2.37024134e-02  2.30045688e-02  2.25429578e-02  2.14245760e-02
   2.48821997e-02  2.39027587e-02  2.19286516e-02  1.87095367e-02
   1.84320692e-02  2.10155345e-02  1.96016600e-02  1.86532737e-02
   1.78740940e-02  2.02964851e-02  1.59655806e-02  1.54376638e-02
   1.87587650e-02  1.82868123e-02  1.87722750e-02  1.72953491e-02
   1.52680507e-02  1.58169234e-02  1.45813346e-02  1.53053010e-02
   1.08810337e-02  1.14112170e-02  1.26319206e-02  1.23784401e-02
   1.24146364e-02  1.03774092e-02  1.24499883e-02  1.33885472e-02
   1.09860865e-02  1.26564428e-02  9.63512254e-03  1.02543659e-02
   1.18401079e-02  1.06072397e-02  1.26233524e-02  1.38086465e-02
   1.14755765e-02  1.28383582e-02  1.31814903e-02  1.27408672e-02
   1.40751877e-02  1.54607969e-02  1.47794375e-02  1.53114934e-02]]
minima = -0.9963699710047998
coord = [15, 28]
For betaplot:
beta_vec = [0.         0.05324733 0.10649467 0.159742   0.21298933 0.26623667
 0.319484   0.37273133 0.42597866 0.479226   0.53247333 0.58572066
 0.638968   0.69221533 0.74546266 0.79871    0.85195733 0.90520466
 0.958452   1.01169933 1.06494666 1.118194   1.17144133 1.22468866
 1.27793599 1.33118333 1.38443066 1.43767799 1.49092533 1.54417266
 1.59741999 1.65066733 1.70391466 1.75716199 1.81040933 1.86365666
 1.91690399 1.97015133 2.02339866 2.07664599 2.12989332 2.18314066
 2.23638799 2.28963532 2.34288266 2.39612999 2.44937732 2.50262466
 2.55587199 2.60911932 2.66236666 2.71561399 2.76886132 2.82210865
 2.87535599 2.92860332 2.98185065 3.03509799 3.08834532 3.14159265]
zz = [0.2533962598325419, 0.20248795764210953, 0.15782257747351036, 0.11950200522144866, 0.08742776527546553, 0.061434033485901623, 0.04115710553231928, 0.026001426620075346, 0.01523608463349422, 0.008071425910284518, 0.0037028977062346516, 0.0013550759182459396, 0.00032766756965699965, 3.618048000906942e-05, 4.53381195157779e-05, 9.379100331609661e-05, 0.00010886846178404655, 0.0002106597198651254, 0.0007052300717742932, 0.0020672819660115045, 0.004913097665622857, 0.009965016684030156, 0.018009172054004288, 0.029848467289683107, 0.046253121236323684, 0.06791108302564101, 0.09538065176923072, 0.1290480104922692, 0.16909119096638742, 0.21545292924386114, 0.26782326721017813, 0.3256334674051376, 0.38806137953611863, 0.45404828616993365, 0.522326822831703, 0.5914588754921725, 0.6598819039250818, 0.7259619120703463, 0.7880507464663851, 0.8445454461750475, 0.8939469732429758, 0.934916017097539, 0.9663234894274609, 0.9872930254205804, 0.9972346780726747, 0.995867362935333, 0.9832296281377236, 0.9596781600087301, 0.925874093030693, 0.8827576806225879, 0.8315125056842301, 0.7735207029483544, 0.7103111057993734, 0.6435025695057384, 0.5747449504845662, 0.5056600461222814, 0.43778527615697665, 0.3725221066691984, 0.3110916754717733, 0.2544991335734856]
zo = [0.24969659941326, 0.24644723524997364, 0.23761985883369438, 0.22537767591754046, 0.20896909432969168, 0.1879497174458974, 0.16366558805812145, 0.13764973551264956, 0.11105730745732785, 0.08507596554888223, 0.06090433932402675, 0.039632255908043285, 0.022228293221325003, 0.009486736165946103, 0.001989014882396147, 8.176552980578112e-05, 0.0038584624451842645, 0.013156117857773753, 0.027561953341668992, 0.04643266676045637, 0.06892261643205862, 0.09402245737145955, 0.12060455246616494, 0.1474735299464384, 0.17342093342307444, 0.19727878339150676, 0.21797333761461746, 0.23457285487243906, 0.2463297299956646, 0.25271496249134356, 0.2534407211559862, 0.2484747489275238, 0.23804090891663898, 0.22260899161297634, 0.20287450136712554, 0.1797257833114036, 0.15420508276395908, 0.12746114264625663, 0.10069679653934949, 0.07511575426989063, 0.05186732416151931, 0.0319950908392708, 0.016389882730379526, 0.005749371166854568, 0.0005469979777880111, 0.0010104663464878595, 0.0071117182363559265, 0.018568187969877203, 0.03485580982187281, 0.05523265069075282, 0.07877239996217336, 0.10440661870061145, 0.1309724358306839, 0.15726564546152244, 0.18209488160233417, 0.2043351222806331, 0.22297920991106515, 0.23718258992628088, 0.2463018795382475, 0.24992409783873426]
oz = [0.25602818836351143, 0.2526793217017272, 0.24379287439037198, 0.2315918084292385, 0.2150088008834007, 0.19367260724857524, 0.16908853671699348, 0.14273582454989106, 0.11576124810483751, 0.08936911672079598, 0.0647511238677154, 0.04300676835643115, 0.025109656136944967, 0.011858565948575503, 0.0038419814954335865, 0.0014120519941368684, 0.004668514573594712, 0.013454323399750322, 0.027362859463024875, 0.0457563787510614, 0.06779483202451188, 0.09247416872478027, 0.11867137744980391, 0.14519560748567906, 0.17084228007857932, 0.19444669791918195, 0.21493800341304975, 0.23138666143271377, 0.2430465610657743, 0.24938980516576442, 0.25012880916269825, 0.24523099887482813, 0.2349194180846925, 0.21966218290527026, 0.20015277735864484, 0.17727682874965908, 0.1520733341001201, 0.12568738995032755, 0.0993176125413012, 0.07416318884968268, 0.05136848701302085, 0.03197188025314147, 0.016858733437167935, 0.006721044832924573, 0.0020264988387815363, 0.002996912418620213, 0.009598392751832224, 0.021542558548413426, 0.03829965866324164, 0.059122258575189594, 0.0830787859097093, 0.10909584163249678, 0.13600593970884864, 0.16260072188565122, 0.187685044123797, 0.2101307185026355, 0.22892791289386374, 0.24322995634609335, 0.25239209545040125, 0.25600043556727126]
oo = [0.24087816974056872, 0.29348396835224755, 0.34973288740307845, 0.4150322162891157, 0.48618197441130306, 0.5568541313530536, 0.6259141344924741, 0.6935255153418886, 0.7579399012826746, 0.8174430299001813, 0.8706319708009597, 0.91599947307456, 0.9523215723106292, 0.9786171820433959, 0.99411869993414, 0.9984078394007271, 0.9913636461452938, 0.9731753155356923, 0.9443683629359081, 0.9057428657676361, 0.85836696016032, 0.8035378802192703, 0.7427136357143995, 0.6774808806074161, 0.6094833555784033, 0.540361976485598, 0.4717072405548488, 0.40499185144264127, 0.34153125227094705, 0.28244184955164925, 0.22860625690083491, 0.18065989237995536, 0.13897775699544493, 0.1036795253553274, 0.07464525682371764, 0.05153776707464569, 0.03383880311147054, 0.020888930948440843, 0.011934001532401355, 0.006174870226461774, 0.002816494966857383, 0.0011162082485307579, 0.00042717108074831565, 0.0002357896043207081, 0.00019107244037055591, 0.0001244894995567315, 5.952004651312018e-05, 0.00021032044421315623, 0.0009696650596588626, 0.0028866871612209166, 0.00663548808479778, 0.012976113445680504, 0.0227097499727317, 0.036630248432000204, 0.05547443242226593, 0.07987327356329517, 0.11030685616812005, 0.1470646109629388, 0.19021349561009088, 0.2395756465264692]
