For betaplot:
beta_vec = [0.         0.05235988 0.10471976 0.15707963 0.20943951 0.26179939
 0.31415927 0.36651914 0.41887902 0.4712389  0.52359878 0.57595865
 0.62831853 0.68067841 0.73303829 0.78539816 0.83775804 0.89011792
 0.9424778  0.99483767 1.04719755 1.09955743 1.15191731 1.20427718
 1.25663706 1.30899694 1.36135682 1.41371669 1.46607657 1.51843645
 1.57079633 1.6231562  1.67551608 1.72787596 1.78023584 1.83259571
 1.88495559 1.93731547 1.98967535 2.04203522 2.0943951  2.14675498
 2.19911486 2.25147474 2.30383461 2.35619449 2.40855437 2.46091425
 2.51327412 2.565634   2.61799388 2.67035376 2.72271363 2.77507351
 2.82743339 2.87979327 2.93215314 2.98451302 3.0368729  3.08923278
 3.14159265]
cost_vec = [-0.04187268111185277, -0.009967327569962757, 0.023626950260802956, 0.0590922809439131, 0.0900396484857901, 0.10992447938435647, 0.12663626996951446, 0.12895703375821235, 0.12498047839174155, 0.1080045236558485, 0.08243542986327887, 0.04690461318645364, 0.0013995831572415627, -0.04730477125958311, -0.1034791457589122, -0.16291466455500886, -0.2182146950495836, -0.27551522107463333, -0.3198764305751805, -0.36441322993579445, -0.39824652856600407, -0.4211440961052254, -0.42561265412317417, -0.4190843917782527, -0.40431822686619956, -0.36869806740327543, -0.31965119851477597, -0.2637080976563988, -0.1940895583046257, -0.12361933652205787, -0.03955125555817523, 0.042512909035225074, 0.12422510209309436, 0.20223451057612346, 0.2753163355998, 0.33881253065249517, 0.3942251029608571, 0.4355456284506882, 0.46169990780525605, 0.47287295708063926, 0.47130223320189213, 0.45643024298427604, 0.4296346073467339, 0.3873778719527504, 0.34304000006291036, 0.28464796379440666, 0.22198630045015263, 0.15976582224506855, 0.09861864845160506, 0.03751135967566664, -0.015384939464096447, -0.0629152581335821, -0.10109850687227824, -0.1280197924635591, -0.13856396292762924, -0.15163272532020347, -0.14272452392765902, -0.1337026071236815, -0.10722757631152133, -0.0778379143143994, -0.041264483789890526]
zz = [0.2456267948848067, 0.26119558053722564, 0.2767646563196215, 0.291124745353101, 0.30307045874903205, 0.31079230879061837, 0.3167797991980758, 0.3152542384387081, 0.31003180358509924, 0.29824732217385835, 0.2831055858143917, 0.26241590655630237, 0.23649238037796902, 0.21104740024827476, 0.17947921844105721, 0.14719355080977686, 0.11588987475117836, 0.0856090217836868, 0.0619499044686579, 0.03900891912528702, 0.02078106967204581, 0.005747812537938057, 0.004169848713371096, 0.0059475086855471085, 0.013196711494450735, 0.02997999613055533, 0.055530972903408256, 0.0832530302496073, 0.11951326966874624, 0.1559843503710274, 0.19889731616648884, 0.2415786418818796, 0.28392671040175566, 0.3255646716344279, 0.36478239624741776, 0.39856704094231554, 0.4286986157759554, 0.4523814433274986, 0.4676094715735222, 0.4769455996364766, 0.4785217157200728, 0.47430013887861083, 0.4638025134086852, 0.44456016271053783, 0.4261132894463437, 0.3998958332888046, 0.37049684838035984, 0.3415231479278128, 0.3125253850655454, 0.28527338923429413, 0.2592750554964677, 0.23705866113624502, 0.21994973114313826, 0.20695694398642558, 0.20270277107199963, 0.19580309758660877, 0.20170767882082175, 0.2047574486243785, 0.21720902981450985, 0.23113327446819848, 0.24786496383067497]
zo = [0.26060000858506, 0.2174313022631519, 0.17531032507542124, 0.13702310475697368, 0.10374448471399927, 0.0686770304865282, 0.04466855706230901, 0.02171677874697449, 0.010418569404099387, 0.0033390073217127087, 0.00487323109126965, 0.01248469386850101, 0.02740692657723851, 0.04727040284608218, 0.07355088704472244, 0.10017388309063391, 0.13421276001459742, 0.1648592845760495, 0.19743802151831627, 0.22728581817501894, 0.2549574939480551, 0.2801118412192917, 0.29728987902121445, 0.3123961731125182, 0.3232926351847811, 0.3273445587663105, 0.3254414140719658, 0.31908803942711145, 0.3100257420561161, 0.2933830872897919, 0.2790752556714517, 0.2606239208666764, 0.2432447451840618, 0.2263536277223623, 0.21069526956855963, 0.19901981784453052, 0.1918420607119614, 0.19006331673876378, 0.19226779953314874, 0.19839672326989985, 0.21185139233570358, 0.22873309621386229, 0.24985326396777155, 0.2746367434752028, 0.3022930274016701, 0.3297022139862821, 0.3575106683928981, 0.3847152004958234, 0.4093935945880205, 0.4263457583242947, 0.4462517154900382, 0.4549656210820405, 0.4581140147296806, 0.4542330778621414, 0.44214252409259136, 0.4264446824568164, 0.3984670477061782, 0.3712401938687766, 0.3368672765269893, 0.29932151515214817, 0.2600408943023523]
oz = [0.2873674911594474, 0.2674243188054637, 0.24684686171955617, 0.22906392236555576, 0.2128251582089029, 0.20085514919637146, 0.19009120999522564, 0.18631714333623678, 0.18504261436264566, 0.19025201933432265, 0.20067049811844676, 0.21550830117233155, 0.23509433655135062, 0.25830931647928523, 0.28294949837207195, 0.3101046743810962, 0.33410175442534173, 0.3611206902373499, 0.38194238672896375, 0.4034486699697168, 0.4190286297547623, 0.4268894255088021, 0.4297559241008353, 0.425039404368404, 0.4175147813930292, 0.39867570254016443, 0.37533049546946234, 0.347082631842549, 0.3136039228102903, 0.2796034158619151, 0.23863600366204532, 0.19925781372292564, 0.15981511689800373, 0.12346849729837421, 0.08946721052491195, 0.05975632603081603, 0.03447538697313121, 0.016944031781294017, 0.005911608658616348, 0.0040750101985035465, 0.007286837323745652, 0.017872668477712905, 0.03417600205656397, 0.05718574830136227, 0.08307594815961562, 0.11525018407863541, 0.14851287545558994, 0.18174826171458938, 0.21390872352178059, 0.2477638531997048, 0.2746617347365939, 0.2999742930141385, 0.3210493850654157, 0.33497775768425864, 0.3412661059093116, 0.34743466359974085, 0.3444249422638237, 0.3384590137880977, 0.3242280565262549, 0.30897015682861434, 0.2891280692211132]
oo = [0.20627191633492942, 0.2494723928109155, 0.2913678834132555, 0.33570858279095495, 0.37853341122689915, 0.4196290964619056, 0.4482773038810722, 0.47662901795484347, 0.4945006930453087, 0.508126259924774, 0.5113400795916289, 0.5095828255805067, 0.5009941929658022, 0.4831808295510821, 0.46395188300659373, 0.44252215087881486, 0.4157917411219546, 0.3884058008170242, 0.35827299330278367, 0.3301811614432847, 0.30521803414603094, 0.2872483662674166, 0.26876443544506357, 0.2565988198252763, 0.2459916410543016, 0.24399574232687327, 0.24352916616915196, 0.25044384645326806, 0.25683700613254373, 0.27102641553871676, 0.2831992149018357, 0.2983423800477315, 0.3128945360235371, 0.3244643167306792, 0.33505207207220655, 0.3426531221836725, 0.3449803504038612, 0.3404641448499932, 0.3342078146510075, 0.3205792868126298, 0.30220583056470046, 0.2790901800097811, 0.2521465775870897, 0.22360893239460725, 0.18851432153004957, 0.1551470286883931, 0.12347627202805214, 0.09195372725418012, 0.06416907224086174, 0.04061360146442224, 0.019808366286857886, 0.007996477346239159, 0.0008835695021158465, 0.0038290827346297435, 0.013883943865985092, 0.030312599847703573, 0.0553892205412225, 0.08553947561857024, 0.12148326222723818, 0.16057178263275662, 0.20296284469398215]
minima = -0.42561265412317417
coord = [22, 16]
