For contourf:
gamma_vec = [0.         0.05324733 0.10649467 0.159742   0.21298933 0.26623667
 0.319484   0.37273133 0.42597866 0.479226   0.53247333 0.58572066
 0.638968   0.69221533 0.74546266 0.79871    0.85195733 0.90520466
 0.958452   1.01169933 1.06494666 1.118194   1.17144133 1.22468866
 1.27793599 1.33118333 1.38443066 1.43767799 1.49092533 1.54417266
 1.59741999 1.65066733 1.70391466 1.75716199 1.81040933 1.86365666
 1.91690399 1.97015133 2.02339866 2.07664599 2.12989332 2.18314066
 2.23638799 2.28963532 2.34288266 2.39612999 2.44937732 2.50262466
 2.55587199 2.60911932 2.66236666 2.71561399 2.76886132 2.82210865
 2.87535599 2.92860332 2.98185065 3.03509799 3.08834532 3.14159265]
beta_vec = [0.         0.05324733 0.10649467 0.159742   0.21298933 0.26623667
 0.319484   0.37273133 0.42597866 0.479226   0.53247333 0.58572066
 0.638968   0.69221533 0.74546266 0.79871    0.85195733 0.90520466
 0.958452   1.01169933 1.06494666 1.118194   1.17144133 1.22468866
 1.27793599 1.33118333 1.38443066 1.43767799 1.49092533 1.54417266
 1.59741999 1.65066733 1.70391466 1.75716199 1.81040933 1.86365666
 1.91690399 1.97015133 2.02339866 2.07664599 2.12989332 2.18314066
 2.23638799 2.28963532 2.34288266 2.39612999 2.44937732 2.50262466
 2.55587199 2.60911932 2.66236666 2.71561399 2.76886132 2.82210865
 2.87535599 2.92860332 2.98185065 3.03509799 3.08834532 3.14159265]
exp_mat = [[ 0.00433957  0.00633155  0.00630803 ...  0.00335472  0.00630444
   0.00979729]
 [-0.00524271 -0.0103865  -0.01700887 ...  0.00285799  0.00146758
   0.00713296]
 [-0.02153784 -0.02969389 -0.03884503 ... -0.01335887 -0.00033767
   0.00986075]
 ...
 [ 0.01565023  0.02520966  0.03389933 ...  0.01781765  0.01084894
  -0.00052297]
 [ 0.01244421  0.01371754  0.0190394  ...  0.01148057  0.00811209
   0.00034433]
 [ 0.00490313  0.00440159  0.00374519 ...  0.00572561  0.00758355
   0.00644648]]
minima = -0.9977307962317193
coord = [15, 28]
For betaplot:
beta_vec = [0.         0.05324733 0.10649467 0.159742   0.21298933 0.26623667
 0.319484   0.37273133 0.42597866 0.479226   0.53247333 0.58572066
 0.638968   0.69221533 0.74546266 0.79871    0.85195733 0.90520466
 0.958452   1.01169933 1.06494666 1.118194   1.17144133 1.22468866
 1.27793599 1.33118333 1.38443066 1.43767799 1.49092533 1.54417266
 1.59741999 1.65066733 1.70391466 1.75716199 1.81040933 1.86365666
 1.91690399 1.97015133 2.02339866 2.07664599 2.12989332 2.18314066
 2.23638799 2.28963532 2.34288266 2.39612999 2.44937732 2.50262466
 2.55587199 2.60911932 2.66236666 2.71561399 2.76886132 2.82210865
 2.87535599 2.92860332 2.98185065 3.03509799 3.08834532 3.14159265]
zz = [0.25128163189839287, 0.2007245005092483, 0.15641977409694938, 0.11845552326645516, 0.08671494067201727, 0.061016582224802975, 0.04098528350769122, 0.02601795675274517, 0.01537944170308087, 0.008280632041957406, 0.003922000183163555, 0.0015379065691861753, 0.00044213964143739075, 6.806036241365606e-05, 1.1897825111994136e-06, 2.926987922795503e-06, 2.4107004018392452e-05, 0.00020779336274712456, 0.0008811446111468852, 0.002536747901296871, 0.005804304029010234, 0.011414006738526545, 0.020153394373683055, 0.03281962851620129, 0.0501700242295246, 0.07287185165615934, 0.10145611664885919, 0.13627529851398526, 0.17746861950253462, 0.22493615386638957, 0.2783232035986841, 0.33701599259223874, 0.40014883938711954, 0.4666230887929512, 0.5351368689232304, 0.6042247086023085, 0.6723053864651832, 0.7377360731855316, 0.7988701748267902, 0.8541176246783113, 0.9020029329717345, 0.9412207537095257, 0.9706851402750665, 0.9895709236686989, 0.997345306573026, 0.9937883109627125, 0.9790012050896671, 0.9534025783538213, 0.9177122130966997, 0.8729234180498961, 0.8202650854690356, 0.7611550594650649, 0.6971469762088982, 0.6298723782468273, 0.5609816237228349, 0.49208435939457834, 0.4246944927673858, 0.36017938805303507, 0.2997168721739086, 0.24426230246969344]
zo = [0.2496744344105974, 0.24594885717723736, 0.23669136906667357, 0.2240462824847701, 0.2072518248351914, 0.18593580457130174, 0.16146117959904463, 0.1353486549836943, 0.10876909749388199, 0.08290824341248042, 0.05895436404461428, 0.037991536815193176, 0.020970855798849622, 0.008665197065578034, 0.0016331036532268282, 0.00019377427086961585, 0.0044126763233785045, 0.014098271335956133, 0.028811083392312073, 0.04788341452509259, 0.07044902882877262, 0.09548423979590967, 0.12185222781862673, 0.14835581138940132, 0.17379227588715646, 0.1970062909345039, 0.21694465807647437, 0.23270222558869316, 0.24356380139528974, 0.2490367387249537, 0.24887270664726813, 0.2430800140029118, 0.23192170404317738, 0.21590508671999428, 0.19575780795271258, 0.17239451269457273, 0.1468767141212776, 0.12036255857607514, 0.09405604109512494, 0.06915140171400765, 0.04677869965555201, 0.027953671554179528, 0.01353028709801806, 0.004162962147868698, 0.0002765933606306933, 0.002047195338668245, 0.009394154498857771, 0.021983750661182647, 0.03924467465235028, 0.06039315167806031, 0.08446980994816851, 0.11038197216545224, 0.1369535200606446, 0.1629795614830236, 0.18727832125646438, 0.20874789759792706, 0.2264142030447321, 0.23947496070252244, 0.24733858398360015, 0.24964759432402361]
oz = [0.25111728828481633, 0.2473521108552018, 0.23804696741419945, 0.22547052439428086, 0.20865967227164595, 0.18723850684039625, 0.16270689179118866, 0.13655194822620625, 0.10992259791601146, 0.08401961109069289, 0.06002415511015631, 0.03902153199882826, 0.02196435945517493, 0.00962559267883676, 0.002564440154488463, 0.0011006904271539009, 0.005300284168317981, 0.014972264596093531, 0.029677388840648206, 0.048748443717705106, 0.07131944758873687, 0.09636657152276974, 0.12275367310411503, 0.14928257098134728, 0.17475147513654074, 0.19800417038405943, 0.21798669240003812, 0.2337949774897644, 0.24471110505911214, 0.25024362324716565, 0.2501431186399936, 0.24441587958413122, 0.23332651583899564, 0.217379194073097, 0.19730198868319349, 0.17400893748572588, 0.14855920840979542, 0.12211208092016113, 0.0958691091079867, 0.0710243818184545, 0.04870757307531556, 0.029932664744707505, 0.015553984086842138, 0.006224611082759309, 0.002369121569582951, 0.004162873825325774, 0.011524859257446987, 0.02412087677046484, 0.041378943486102465, 0.06251576507405719, 0.08657057014154275, 0.11245147757430572, 0.13898207382542205, 0.16495660805722823, 0.18919494164473297, 0.210593794760141, 0.22818010773096334, 0.24115236947752658, 0.24891815878665616, 0.2511221436319511]
oo = [0.24792592610758216, 0.3011081958937642, 0.35778145858687577, 0.42348707286445475, 0.49494344372881144, 0.5657193536553362, 0.6346870592958261, 0.701991210278025, 0.7659263456523089, 0.8247708575699308, 0.8770910206495554, 0.9214481812053262, 0.9566219020276829, 0.9816403488446369, 0.9958001956945087, 0.9986989156536874, 0.9902609625747001, 0.970719819212984, 0.9406258305681907, 0.9008301461863106, 0.8524239097017258, 0.7967310783290186, 0.7352395936483449, 0.6695390762100107, 0.601284525332974, 0.5321161635382249, 0.46360985190131937, 0.3972263960526666, 0.33425476823579736, 0.2757820616812282, 0.22265995178774836, 0.17548661397701565, 0.13460206706313937, 0.1000914546296704, 0.07180235503825148, 0.04937098991087997, 0.03225759438147591, 0.01978854245501477, 0.01120368478200228, 0.0057057121585787, 0.002509990853408977, 0.0008919700960993353, 0.00022980248661231254, 4.061979454745425e-05, 8.140560559379281e-06, 7.574405028515078e-07, 7.896985173744936e-05, 0.0004919437600947971, 0.0016632967470882668, 0.004166914840985696, 0.008693558520842623, 0.016010756114204428, 0.02691655877898644, 0.042190497163260184, 0.06254447584773559, 0.08857286754663736, 0.12071047661190895, 0.15919247653969165, 0.2040253040382551, 0.25496742828403113]
