For contourf:
gamma_vec = [0.         0.05324733 0.10649467 0.159742   0.21298933 0.26623667
 0.319484   0.37273133 0.42597866 0.479226   0.53247333 0.58572066
 0.638968   0.69221533 0.74546266 0.79871    0.85195733 0.90520466
 0.958452   1.01169933 1.06494666 1.118194   1.17144133 1.22468866
 1.27793599 1.33118333 1.38443066 1.43767799 1.49092533 1.54417266
 1.59741999 1.65066733 1.70391466 1.75716199 1.81040933 1.86365666
 1.91690399 1.97015133 2.02339866 2.07664599 2.12989332 2.18314066
 2.23638799 2.28963532 2.34288266 2.39612999 2.44937732 2.50262466
 2.55587199 2.60911932 2.66236666 2.71561399 2.76886132 2.82210865
 2.87535599 2.92860332 2.98185065 3.03509799 3.08834532 3.14159265]
beta_vec = [0.         0.05324733 0.10649467 0.159742   0.21298933 0.26623667
 0.319484   0.37273133 0.42597866 0.479226   0.53247333 0.58572066
 0.638968   0.69221533 0.74546266 0.79871    0.85195733 0.90520466
 0.958452   1.01169933 1.06494666 1.118194   1.17144133 1.22468866
 1.27793599 1.33118333 1.38443066 1.43767799 1.49092533 1.54417266
 1.59741999 1.65066733 1.70391466 1.75716199 1.81040933 1.86365666
 1.91690399 1.97015133 2.02339866 2.07664599 2.12989332 2.18314066
 2.23638799 2.28963532 2.34288266 2.39612999 2.44937732 2.50262466
 2.55587199 2.60911932 2.66236666 2.71561399 2.76886132 2.82210865
 2.87535599 2.92860332 2.98185065 3.03509799 3.08834532 3.14159265]
exp_mat = [[-1.13637742e-02 -2.18655177e-02 -3.26520130e-02 -4.36596221e-02
  -5.51441196e-02 -6.68576912e-02 -7.74537907e-02 -8.74322435e-02
  -9.71607378e-02 -1.06893011e-01 -1.14963450e-01 -1.23614272e-01
  -1.30037575e-01 -1.35711544e-01 -1.39224546e-01 -1.44016708e-01
  -1.47237616e-01 -1.48049764e-01 -1.48773650e-01 -1.47698689e-01
  -1.47103783e-01 -1.43975590e-01 -1.40271868e-01 -1.34293450e-01
  -1.28556194e-01 -1.21957617e-01 -1.16692462e-01 -1.05578910e-01
  -9.69231797e-02 -8.72807440e-02 -7.75899229e-02 -6.69685542e-02
  -5.71158420e-02 -4.79680171e-02 -3.57724285e-02 -2.57620721e-02
  -1.57694186e-02 -7.74388621e-03  3.12312232e-03  1.10400459e-02
   1.85221162e-02  2.62099582e-02  3.23403797e-02  3.72749271e-02
   4.11339322e-02  4.39965801e-02  4.64629585e-02  4.70683411e-02
   4.73692201e-02  4.64441571e-02  4.45902694e-02  4.15667773e-02
   3.73184088e-02  3.25177012e-02  2.67271204e-02  1.97626343e-02
   1.25272379e-02  4.95065868e-03 -3.39520191e-03 -1.21411146e-02]
 [-9.08369067e-03  3.32799394e-03  1.46401750e-02  2.36821487e-02
   3.15133225e-02  3.99431929e-02  4.79303685e-02  5.60974068e-02
   6.09628103e-02  6.49359495e-02  6.78914398e-02  6.93789994e-02
   6.95894633e-02  6.99283706e-02  6.78953103e-02  6.36178393e-02
   5.96247718e-02  5.35028529e-02  4.64313496e-02  3.51619023e-02
   2.59262827e-02  1.86075060e-02  6.32439477e-03 -3.16820593e-03
  -1.58665208e-02 -2.77657799e-02 -4.36283594e-02 -5.28872922e-02
  -6.59139682e-02 -7.90295227e-02 -9.15683797e-02 -1.02819054e-01
  -1.14272926e-01 -1.24196736e-01 -1.34945176e-01 -1.42007846e-01
  -1.51136510e-01 -1.58091978e-01 -1.63922117e-01 -1.67597179e-01
  -1.70177551e-01 -1.71090997e-01 -1.70729074e-01 -1.70118110e-01
  -1.67511966e-01 -1.63123450e-01 -1.57105225e-01 -1.51031423e-01
  -1.44283723e-01 -1.34189005e-01 -1.25214963e-01 -1.14157966e-01
  -1.01928889e-01 -9.03795508e-02 -7.77145000e-02 -6.44085404e-02
  -5.09099957e-02 -3.63722889e-02 -2.37659343e-02 -1.01313937e-02]
 [-5.89633125e-03  2.78912463e-02  5.96579277e-02  8.84248625e-02
   1.19642080e-01  1.49144181e-01  1.76278874e-01  1.99200369e-01
   2.20009154e-01  2.36312757e-01  2.51222362e-01  2.63254108e-01
   2.69721502e-01  2.74884515e-01  2.72453871e-01  2.71586131e-01
   2.66595225e-01  2.56877404e-01  2.37630961e-01  2.25015622e-01
   2.06603243e-01  1.83127851e-01  1.55794733e-01  1.28998174e-01
   9.83481573e-02  6.78825737e-02  3.52760350e-02  2.43121736e-03
  -3.18868927e-02 -6.72315083e-02 -1.00538466e-01 -1.34685371e-01
  -1.67530168e-01 -1.96486599e-01 -2.26079354e-01 -2.57169852e-01
  -2.83128626e-01 -3.04305209e-01 -3.24123039e-01 -3.40290575e-01
  -3.53365532e-01 -3.63467583e-01 -3.70330324e-01 -3.73370052e-01
  -3.70513209e-01 -3.65858596e-01 -3.59080762e-01 -3.46211744e-01
  -3.32039074e-01 -3.10530771e-01 -2.90888850e-01 -2.66938189e-01
  -2.39468535e-01 -2.10139108e-01 -1.78729911e-01 -1.45979559e-01
  -1.12653842e-01 -7.78379712e-02 -4.26572726e-02 -7.13038699e-03]
 [-2.10498369e-03  5.11081339e-02  1.03027816e-01  1.53864248e-01
   2.04346423e-01  2.51271180e-01  2.91186226e-01  3.33035615e-01
   3.68110840e-01  3.97559990e-01  4.23781905e-01  4.45099604e-01
   4.56797387e-01  4.67213949e-01  4.70529922e-01  4.62767814e-01
   4.59988593e-01  4.44447354e-01  4.20758977e-01  4.04157518e-01
   3.73719589e-01  3.38565416e-01  2.99965120e-01  2.56371529e-01
   2.10484737e-01  1.63315182e-01  1.09513861e-01  5.90705570e-02
   3.51047295e-03 -5.07985420e-02 -1.05065817e-01 -1.58885858e-01
  -2.10887799e-01 -2.61539199e-01 -3.07334018e-01 -3.52876567e-01
  -3.90580576e-01 -4.33795965e-01 -4.64712445e-01 -4.94945773e-01
  -5.12523062e-01 -5.32311096e-01 -5.48478503e-01 -5.55691625e-01
  -5.50121498e-01 -5.48782728e-01 -5.35566432e-01 -5.17608045e-01
  -5.00630593e-01 -4.74087157e-01 -4.43527542e-01 -4.01032971e-01
  -3.65700263e-01 -3.19811179e-01 -2.72439129e-01 -2.20529428e-01
  -1.67475179e-01 -1.14545834e-01 -5.88356355e-02 -3.74008106e-03]
 [ 1.55810902e-03  7.30138601e-02  1.43490248e-01  2.11751940e-01
   2.76695002e-01  3.36263189e-01  3.95045190e-01  4.46388682e-01
   4.96854554e-01  5.36363056e-01  5.67428293e-01  6.00848505e-01
   6.17632264e-01  6.35235110e-01  6.38884335e-01  6.42305785e-01
   6.34035452e-01  6.12217273e-01  5.86288119e-01  5.57219112e-01
   5.18884324e-01  4.77342298e-01  4.26983201e-01  3.67372160e-01
   3.12495825e-01  2.50038012e-01  1.80826488e-01  1.13404666e-01
   4.42199194e-02 -2.73126981e-02 -1.00983377e-01 -1.70579252e-01
  -2.39173634e-01 -3.08393183e-01 -3.71746143e-01 -4.29203811e-01
  -4.84147638e-01 -5.36189538e-01 -5.84672829e-01 -6.23736787e-01
  -6.52085169e-01 -6.78561870e-01 -6.97613127e-01 -6.97180882e-01
  -7.05315375e-01 -6.96769739e-01 -6.91462260e-01 -6.66337122e-01
  -6.44469427e-01 -6.09901944e-01 -5.67523258e-01 -5.20461167e-01
  -4.68763561e-01 -4.12240565e-01 -3.48512430e-01 -2.82452491e-01
  -2.13421641e-01 -1.43529990e-01 -7.14462693e-02  1.80739909e-03]
 [ 5.94754938e-03  9.12422534e-02  1.74750688e-01  2.55494219e-01
   3.28887484e-01  4.09741166e-01  4.82429514e-01  5.43371928e-01
   6.00136087e-01  6.54515329e-01  6.98170556e-01  7.33802101e-01
   7.59125261e-01  7.76658542e-01  7.82060053e-01  7.81192024e-01
   7.72875376e-01  7.55896614e-01  7.27087215e-01  6.90049582e-01
   6.45605553e-01  5.95675501e-01  5.29527390e-01  4.68230007e-01
   3.96819625e-01  3.26302343e-01  2.43916461e-01  1.63533968e-01
   7.77968243e-02 -5.77082463e-03 -9.44552146e-02 -1.78676229e-01
  -2.60877823e-01 -3.39249409e-01 -4.22025945e-01 -4.89785275e-01
  -5.63668903e-01 -6.23485452e-01 -6.72910177e-01 -7.14998144e-01
  -7.60671476e-01 -7.92422388e-01 -8.07962061e-01 -8.17359408e-01
  -8.28063864e-01 -8.21368458e-01 -8.06308486e-01 -7.86547311e-01
  -7.54532447e-01 -7.15449654e-01 -6.71117681e-01 -6.13344204e-01
  -5.51353970e-01 -4.84646979e-01 -4.11194029e-01 -3.34545355e-01
  -2.49969057e-01 -1.68143032e-01 -8.20781536e-02  4.42346295e-03]
 [ 1.02354922e-02  1.06000709e-01  2.01021578e-01  2.93418436e-01
   3.83566524e-01  4.66118206e-01  5.43551305e-01  6.21333651e-01
   6.76771635e-01  7.40259926e-01  7.93355313e-01  8.23082322e-01
   8.65029712e-01  8.79817604e-01  8.92309053e-01  8.96008158e-01
   8.83762169e-01  8.66096323e-01  8.35562136e-01  7.99607563e-01
   7.41014601e-01  6.88113584e-01  6.17590859e-01  5.47477760e-01
   4.69281373e-01  3.83912510e-01  2.99232989e-01  2.04451713e-01
   1.11015049e-01  1.37576291e-02 -8.32186973e-02 -1.79886171e-01
  -2.72471344e-01 -3.61076746e-01 -4.52820861e-01 -5.28286137e-01
  -6.08130740e-01 -6.76913076e-01 -7.34184988e-01 -7.91550624e-01
  -8.36737652e-01 -8.70018532e-01 -8.99986141e-01 -9.03319895e-01
  -9.23012472e-01 -9.09294198e-01 -8.98037338e-01 -8.71931260e-01
  -8.43080915e-01 -7.95747843e-01 -7.43182537e-01 -6.82318598e-01
  -6.11555247e-01 -5.38857204e-01 -4.55475316e-01 -3.69477061e-01
  -2.76523449e-01 -1.82901526e-01 -8.72485999e-02  8.58560598e-03]
 [ 1.41349167e-02  1.16004699e-01  2.16636139e-01  3.16834842e-01
   4.09390154e-01  4.98270325e-01  5.88954699e-01  6.66759087e-01
   7.29306131e-01  7.97162133e-01  8.47607951e-01  8.89473055e-01
   9.28738389e-01  9.40802023e-01  9.62313861e-01  9.65720653e-01
   9.53337263e-01  9.40594013e-01  9.03126694e-01  8.62308370e-01
   8.12076875e-01  7.51720866e-01  6.82403624e-01  6.02812143e-01
   5.23950726e-01  4.33446690e-01  3.36579526e-01  2.39017211e-01
   1.38665858e-01  3.58827814e-02 -6.69084573e-02 -1.69500964e-01
  -2.67747731e-01 -3.65432190e-01 -4.54135284e-01 -5.41991009e-01
  -6.27666507e-01 -7.01722420e-01 -7.67265666e-01 -8.28457142e-01
  -8.76488229e-01 -9.14851708e-01 -9.40758280e-01 -9.63702409e-01
  -9.56611936e-01 -9.57690698e-01 -9.46851367e-01 -9.21687582e-01
  -8.85539137e-01 -8.32747261e-01 -7.80854697e-01 -7.15695518e-01
  -6.43899726e-01 -5.60444580e-01 -4.76806224e-01 -3.84600161e-01
  -2.90800145e-01 -1.91338419e-01 -8.91838932e-02  1.31852154e-02]
 [ 1.80570336e-02  1.22055328e-01  2.24042076e-01  3.23773353e-01
   4.22670241e-01  5.15937124e-01  5.98400652e-01  6.81170252e-01
   7.48984674e-01  8.13561767e-01  8.65804630e-01  9.16915878e-01
   9.53858328e-01  9.74121072e-01  9.90104372e-01  9.93535914e-01
   9.73442603e-01  9.65333388e-01  9.37074599e-01  8.84083182e-01
   8.33217812e-01  7.74786128e-01  7.11844369e-01  6.31898652e-01
   5.44720276e-01  4.55412767e-01  3.60113832e-01  2.62137220e-01
   1.60770793e-01  5.62782544e-02 -4.64469346e-02 -1.51421720e-01
  -2.51960519e-01 -3.48765340e-01 -4.37838493e-01 -5.34673581e-01
  -6.07118104e-01 -6.95291811e-01 -7.58288158e-01 -8.24808464e-01
  -8.70633823e-01 -9.05226078e-01 -9.36362431e-01 -9.52915792e-01
  -9.64569624e-01 -9.58255876e-01 -9.50441945e-01 -9.24272936e-01
  -8.75218928e-01 -8.40349715e-01 -7.78837617e-01 -7.19050185e-01
  -6.43605445e-01 -5.67214083e-01 -4.77725823e-01 -3.87088593e-01
  -2.89368388e-01 -1.87913556e-01 -8.72500557e-02  1.76421596e-02]
 [ 2.15189538e-02  1.22866644e-01  2.22884275e-01  3.18895803e-01
   4.12974491e-01  5.05504633e-01  5.82657223e-01  6.63243524e-01
   7.40354725e-01  7.87635009e-01  8.53470393e-01  8.98585508e-01
   9.30190853e-01  9.57161696e-01  9.65954432e-01  9.72258833e-01
   9.59335889e-01  9.43959470e-01  9.16051965e-01  8.73990154e-01
   8.26602213e-01  7.69046884e-01  7.02642570e-01  6.32298474e-01
   5.50800065e-01  4.61600302e-01  3.71678608e-01  2.77960090e-01
   1.77992826e-01  7.63326884e-02 -2.39442329e-02 -1.24838916e-01
  -2.23576993e-01 -3.16387698e-01 -4.14448651e-01 -5.01556886e-01
  -5.76468604e-01 -6.52002429e-01 -7.24138879e-01 -7.69721839e-01
  -8.24663052e-01 -8.64331112e-01 -8.91228243e-01 -9.17442376e-01
  -9.14997947e-01 -9.14566902e-01 -9.03061841e-01 -8.70358053e-01
  -8.38269123e-01 -8.07796454e-01 -7.49596230e-01 -6.90856058e-01
  -6.17810735e-01 -5.40738187e-01 -4.59990336e-01 -3.70599794e-01
  -2.74297727e-01 -1.76827225e-01 -7.86593084e-02  1.97940063e-02]
 [ 2.43677160e-02  1.16520399e-01  2.09395224e-01  2.97172716e-01
   3.88958511e-01  4.73838886e-01  5.49289917e-01  6.21898746e-01
   6.90773638e-01  7.40545979e-01  7.98404259e-01  8.34678390e-01
   8.75816732e-01  8.94007212e-01  9.11163257e-01  9.08253958e-01
   9.09243507e-01  8.80256418e-01  8.57325006e-01  8.34463175e-01
   7.83594008e-01  7.29832411e-01  6.74608577e-01  6.03339232e-01
   5.26441411e-01  4.48818867e-01  3.66999688e-01  2.78079150e-01
   1.85348813e-01  9.30743636e-02  8.87128656e-04 -9.12063754e-02
  -1.85926907e-01 -2.77423450e-01 -3.53413598e-01 -4.38955087e-01
  -5.16983931e-01 -5.75743330e-01 -6.43408616e-01 -7.00028653e-01
  -7.51352224e-01 -7.78513268e-01 -8.11193453e-01 -8.34476167e-01
  -8.38211618e-01 -8.30424631e-01 -8.21535931e-01 -8.05745920e-01
  -7.69289579e-01 -7.30347075e-01 -6.81735002e-01 -6.18796392e-01
  -5.64822127e-01 -4.91273323e-01 -4.15360956e-01 -3.35161336e-01
  -2.49395640e-01 -1.59479992e-01 -6.74647882e-02  2.47826352e-02]
 [ 2.60955805e-02  1.08238687e-01  1.88194309e-01  2.66814460e-01
   3.43829386e-01  4.18860709e-01  4.86062244e-01  5.53945652e-01
   6.12372806e-01  6.61903793e-01  7.03157425e-01  7.39534253e-01
   7.70972530e-01  7.91312914e-01  8.05022071e-01  8.13472838e-01
   8.11219218e-01  7.91540397e-01  7.76055663e-01  7.40133888e-01
   7.05199255e-01  6.64489396e-01  6.04391114e-01  5.50359160e-01
   4.86444841e-01  4.18240277e-01  3.43299380e-01  2.67129747e-01
   1.86458790e-01  1.05605059e-01  2.54636245e-02 -5.38139386e-02
  -1.37153215e-01 -2.13982310e-01 -2.88281855e-01 -3.60687079e-01
  -4.25370457e-01 -4.83219913e-01 -5.37098156e-01 -5.88468625e-01
  -6.32342175e-01 -6.66847601e-01 -6.82171658e-01 -7.04632489e-01
  -7.09653175e-01 -7.09293695e-01 -6.98652319e-01 -6.87885019e-01
  -6.57049122e-01 -6.29719443e-01 -5.83703884e-01 -5.39590183e-01
  -4.83574522e-01 -4.22606224e-01 -3.54266109e-01 -2.82988752e-01
  -2.09501093e-01 -1.32519034e-01 -5.24022738e-02  2.74870925e-02]
 [ 2.74141022e-02  9.28089038e-02  1.58984386e-01  2.23715217e-01
   2.86717852e-01  3.47849218e-01  4.03886757e-01  4.58930349e-01
   5.03867043e-01  5.45582115e-01  5.81078303e-01  6.19402235e-01
   6.37103247e-01  6.62240456e-01  6.69733507e-01  6.74094508e-01
   6.72845061e-01  6.67480842e-01  6.43932503e-01  6.22731039e-01
   5.95848400e-01  5.59239757e-01  5.14691871e-01  4.69061621e-01
   4.19134402e-01  3.63173452e-01  3.05941170e-01  2.45596730e-01
   1.80562846e-01  1.16538911e-01  4.86632008e-02 -1.72508639e-02
  -7.80459360e-02 -1.43723772e-01 -2.07204914e-01 -2.63134253e-01
  -3.19355112e-01 -3.70513768e-01 -4.09997218e-01 -4.53088698e-01
  -4.84529914e-01 -5.15650622e-01 -5.34980920e-01 -5.46248759e-01
  -5.59563556e-01 -5.58753818e-01 -5.50603633e-01 -5.39911483e-01
  -5.13603665e-01 -4.94632922e-01 -4.60134358e-01 -4.21597273e-01
  -3.78664591e-01 -3.27971500e-01 -2.76202028e-01 -2.17614948e-01
  -1.61470060e-01 -1.00546153e-01 -3.52844998e-02  2.90018930e-02]
 [ 2.79900798e-02  7.58917045e-02  1.22871138e-01  1.71007366e-01
   2.16351551e-01  2.59560689e-01  3.01448501e-01  3.38978509e-01
   3.78947700e-01  4.07880818e-01  4.36402037e-01  4.63151295e-01
   4.79489064e-01  4.95209022e-01  5.02737341e-01  5.08149134e-01
   5.04268555e-01  5.04088344e-01  4.95078842e-01  4.73869042e-01
   4.54179267e-01  4.34422679e-01  4.00524547e-01  3.73638578e-01
   3.37423109e-01  2.97038206e-01  2.55588617e-01  2.09346507e-01
   1.64942458e-01  1.20270957e-01  7.13077761e-02  2.60018337e-02
  -2.02981151e-02 -6.70559289e-02 -1.10394450e-01 -1.53850793e-01
  -1.92316864e-01 -2.30796375e-01 -2.62532642e-01 -2.92160187e-01
  -3.17793567e-01 -3.42515143e-01 -3.57669988e-01 -3.67265178e-01
  -3.72782678e-01 -3.79820658e-01 -3.71694599e-01 -3.66864141e-01
  -3.55159930e-01 -3.35894521e-01 -3.15301357e-01 -2.87099962e-01
  -2.56941168e-01 -2.21985628e-01 -1.86470725e-01 -1.46429218e-01
  -1.05039423e-01 -6.11458600e-02 -1.56425033e-02  3.02265813e-02]
 [ 2.73552001e-02  5.51337404e-02  8.26521026e-02  1.09427705e-01
   1.36951438e-01  1.63026442e-01  1.87918493e-01  2.10379744e-01
   2.33322102e-01  2.53331803e-01  2.70203063e-01  2.87540654e-01
   2.96589386e-01  3.07809823e-01  3.16554333e-01  3.20585341e-01
   3.22337687e-01  3.21048861e-01  3.18183545e-01  3.10217481e-01
   3.01772463e-01  2.87338020e-01  2.76006581e-01  2.56379970e-01
   2.40135495e-01  2.18250528e-01  1.93386282e-01  1.70778316e-01
   1.46935408e-01  1.20067007e-01  9.41575198e-02  6.73466796e-02
   3.98652007e-02  1.36021943e-02 -1.15888471e-02 -3.60637857e-02
  -6.02662508e-02 -8.10792848e-02 -1.02401183e-01 -1.19836350e-01
  -1.36717894e-01 -1.50021942e-01 -1.61799316e-01 -1.69514043e-01
  -1.75067020e-01 -1.78377338e-01 -1.77232904e-01 -1.75347070e-01
  -1.71330608e-01 -1.63660692e-01 -1.52593953e-01 -1.39850843e-01
  -1.24129846e-01 -1.05363621e-01 -8.74404787e-02 -6.62221211e-02
  -4.36437700e-02 -1.95553322e-02  5.47035941e-03  3.02899188e-02]
 [ 2.62914794e-02  3.20285754e-02  3.78781330e-02  4.44498072e-02
   5.13594725e-02  5.79612921e-02  6.53405318e-02  7.19855266e-02
   7.86168569e-02  8.55195733e-02  9.20807111e-02  9.87116181e-02
   1.04537777e-01  1.10248404e-01  1.14767135e-01  1.18584216e-01
   1.23580108e-01  1.27320443e-01  1.29735511e-01  1.30809448e-01
   1.33676995e-01  1.33655540e-01  1.33984103e-01  1.33218152e-01
   1.32817066e-01  1.29277875e-01  1.28450824e-01  1.24971008e-01
   1.21494574e-01  1.16368086e-01  1.10900363e-01  1.05485801e-01
   9.94809265e-02  9.50569060e-02  8.88095234e-02  8.27127620e-02
   7.67902269e-02  7.03984797e-02  6.42950111e-02  5.81548076e-02
   5.26015705e-02  4.60741765e-02  4.11551941e-02  3.61443102e-02
   3.17900848e-02  2.75765728e-02  2.44348051e-02  2.13405996e-02
   1.88186940e-02  1.74450567e-02  1.57710028e-02  1.50141325e-02
   1.49140339e-02  1.54951691e-02  1.58994481e-02  1.83560654e-02
   1.96260389e-02  2.32123652e-02  2.63578424e-02  2.98415426e-02]
 [ 2.46062154e-02  8.11288313e-03 -7.68124084e-03 -2.25136016e-02
  -3.53273669e-02 -4.82357741e-02 -5.95890008e-02 -6.93380255e-02
  -7.78377605e-02 -8.49402073e-02 -8.92390487e-02 -9.30962810e-02
  -9.37952456e-02 -9.27650289e-02 -9.15987257e-02 -8.53629064e-02
  -8.10292861e-02 -7.34454399e-02 -6.39331641e-02 -5.27766045e-02
  -4.14547391e-02 -2.76804518e-02 -1.32347013e-02  3.55693351e-03
   1.89989731e-02  3.71501999e-02  5.37671576e-02  7.02165117e-02
   8.84869206e-02  1.06790697e-01  1.23352511e-01  1.41810921e-01
   1.57666902e-01  1.72025041e-01  1.85996060e-01  1.97857875e-01
   2.11305065e-01  2.19801300e-01  2.28360115e-01  2.34939551e-01
   2.38349625e-01  2.39208282e-01  2.43850985e-01  2.40712897e-01
   2.38452508e-01  2.32906912e-01  2.27618348e-01  2.17561368e-01
   2.08630800e-01  1.97919559e-01  1.84349761e-01  1.68757571e-01
   1.53812697e-01  1.36956035e-01  1.19158537e-01  1.01542650e-01
   8.38493486e-02  6.49572698e-02  4.68938158e-02  2.85657194e-02]
 [ 2.20578112e-02 -1.55220161e-02 -5.19034440e-02 -8.70578673e-02
  -1.20699277e-01 -1.51000894e-01 -1.80467830e-01 -2.07423388e-01
  -2.30574338e-01 -2.50054955e-01 -2.66617621e-01 -2.77869493e-01
  -2.87260366e-01 -2.91474825e-01 -2.91253533e-01 -2.88913978e-01
  -2.77712625e-01 -2.67775453e-01 -2.54796369e-01 -2.35434477e-01
  -2.10886401e-01 -1.86246365e-01 -1.56714535e-01 -1.26417410e-01
  -9.21071988e-02 -5.65680949e-02 -2.05856202e-02  1.68963585e-02
   5.63304859e-02  9.41088606e-02  1.33069373e-01  1.72637333e-01
   2.10128634e-01  2.42744687e-01  2.73306553e-01  3.04887593e-01
   3.31614418e-01  3.59664722e-01  3.82787125e-01  4.01090273e-01
   4.15847719e-01  4.22927524e-01  4.35812513e-01  4.38150252e-01
   4.33272697e-01  4.30188251e-01  4.18626992e-01  4.00880168e-01
   3.90595858e-01  3.68354073e-01  3.41240821e-01  3.18727902e-01
   2.83258293e-01  2.54888925e-01  2.17389553e-01  1.78145263e-01
   1.43605643e-01  1.05503396e-01  6.56312523e-02  2.66648663e-02]
 [ 1.94269801e-02 -3.79110218e-02 -9.40265854e-02 -1.46599428e-01
  -1.98149635e-01 -2.47562727e-01 -2.89954768e-01 -3.34835471e-01
  -3.72603022e-01 -4.01236319e-01 -4.30394696e-01 -4.52092808e-01
  -4.64876322e-01 -4.72422713e-01 -4.76018014e-01 -4.75989256e-01
  -4.66307622e-01 -4.52188669e-01 -4.29636272e-01 -4.06382829e-01
  -3.71562141e-01 -3.33509830e-01 -2.94223240e-01 -2.45416989e-01
  -1.96474056e-01 -1.46452818e-01 -9.20650476e-02 -3.52389998e-02
   2.18811489e-02  7.71972823e-02  1.37705934e-01  1.93717118e-01
   2.46645243e-01  2.99874454e-01  3.55942715e-01  4.00039181e-01
   4.43098700e-01  4.82632081e-01  5.20669579e-01  5.45849182e-01
   5.71013767e-01  5.94922319e-01  6.02020147e-01  6.15568121e-01
   6.17442459e-01  6.08493652e-01  5.95307521e-01  5.75559999e-01
   5.54808261e-01  5.18646548e-01  4.91170575e-01  4.52908816e-01
   4.07734690e-01  3.56941600e-01  3.07593266e-01  2.54092772e-01
   1.97657778e-01  1.39522463e-01  8.07132544e-02  2.31981363e-02]
 [ 1.57523533e-02 -5.73145417e-02 -1.31034228e-01 -2.00776907e-01
  -2.67343325e-01 -3.28173366e-01 -3.93133429e-01 -4.48263809e-01
  -4.97274335e-01 -5.37628714e-01 -5.74840296e-01 -5.98906566e-01
  -6.22476589e-01 -6.31885953e-01 -6.40629109e-01 -6.34767928e-01
  -6.27155593e-01 -6.14033155e-01 -5.86126293e-01 -5.52982241e-01
  -5.15694946e-01 -4.69353355e-01 -4.16911422e-01 -3.57331723e-01
  -2.92994920e-01 -2.29752394e-01 -1.60890185e-01 -8.68435101e-02
  -1.32876939e-02  6.09363513e-02  1.33922529e-01  2.02052593e-01
   2.80406352e-01  3.49192814e-01  4.19472833e-01  4.77146735e-01
   5.38542772e-01  5.89449850e-01  6.31547115e-01  6.67692265e-01
   7.01674002e-01  7.33880676e-01  7.45965623e-01  7.58687847e-01
   7.60956619e-01  7.55438812e-01  7.40612971e-01  7.04297117e-01
   6.85849859e-01  6.52939752e-01  6.10424673e-01  5.63883890e-01
   5.06956019e-01  4.47882345e-01  3.84710302e-01  3.12805824e-01
   2.43236956e-01  1.70233325e-01  9.57378844e-02  2.02756355e-02]
 [ 1.23454908e-02 -7.49972024e-02 -1.61546247e-01 -2.44641019e-01
  -3.24277179e-01 -3.99429554e-01 -4.72158312e-01 -5.35382056e-01
  -5.93345375e-01 -6.43749063e-01 -6.87630483e-01 -7.29404038e-01
  -7.53496766e-01 -7.70828598e-01 -7.75741391e-01 -7.73594894e-01
  -7.62216851e-01 -7.41823299e-01 -7.16184941e-01 -6.72903748e-01
  -6.29784718e-01 -5.79072679e-01 -5.19704316e-01 -4.49072655e-01
  -3.78929284e-01 -3.02252763e-01 -2.19791817e-01 -1.35542465e-01
  -4.74182777e-02  4.04323625e-02  1.29001378e-01  2.14792877e-01
   2.96286743e-01  3.82303304e-01  4.61172423e-01  5.37375038e-01
   6.08899363e-01  6.70507884e-01  7.15650737e-01  7.63722641e-01
   8.02659452e-01  8.32864604e-01  8.62743805e-01  8.64653269e-01
   8.72826957e-01  8.69914034e-01  8.56711452e-01  8.26054034e-01
   7.99501088e-01  7.48490679e-01  7.01126421e-01  6.52475427e-01
   5.87424564e-01  5.17596771e-01  4.43211501e-01  3.61181976e-01
   2.78723633e-01  1.92091312e-01  1.04630855e-01  1.71101184e-02]
 [ 8.64211791e-03 -8.81431283e-02 -1.83419205e-01 -2.74315923e-01
  -3.65084853e-01 -4.50021454e-01 -5.29161928e-01 -6.04430944e-01
  -6.69650040e-01 -7.23541262e-01 -7.72534761e-01 -8.17296579e-01
  -8.36688194e-01 -8.64289597e-01 -8.71834325e-01 -8.70351487e-01
  -8.62126017e-01 -8.37957984e-01 -8.05864070e-01 -7.71862630e-01
  -7.21173309e-01 -6.59476461e-01 -5.96436552e-01 -5.21784528e-01
  -4.38452412e-01 -3.54384472e-01 -2.64547905e-01 -1.74761143e-01
  -7.79588061e-02  1.95775286e-02  1.16377326e-01  2.09323314e-01
   3.07115923e-01  4.01650667e-01  4.91652695e-01  5.63694511e-01
   6.44464382e-01  7.21300241e-01  7.79115793e-01  8.27627611e-01
   8.76171500e-01  9.01719041e-01  9.31883850e-01  9.44314087e-01
   9.53196190e-01  9.49542567e-01  9.30334393e-01  8.96571758e-01
   8.66793076e-01  8.21821385e-01  7.71932689e-01  7.08851113e-01
   6.41591555e-01  5.62393712e-01  4.83078376e-01  3.93264556e-01
   3.01897634e-01  2.05104400e-01  1.10234769e-01  1.33256942e-02]
 [ 5.48621537e-03 -9.63045528e-02 -1.96960500e-01 -2.93721046e-01
  -3.89236541e-01 -4.77483316e-01 -5.63737393e-01 -6.42252876e-01
  -6.99801746e-01 -7.68917953e-01 -8.19793186e-01 -8.67510673e-01
  -9.01542063e-01 -9.10176027e-01 -9.27033496e-01 -9.29737514e-01
  -9.16463337e-01 -8.98883397e-01 -8.69089617e-01 -8.21740051e-01
  -7.75598453e-01 -7.11584138e-01 -6.45182110e-01 -5.63521389e-01
  -4.81137342e-01 -3.91330058e-01 -3.01772638e-01 -2.06563721e-01
  -1.01002930e-01 -2.42775311e-03  9.69108632e-02  1.93952066e-01
   3.05926376e-01  3.93270594e-01  4.90423086e-01  5.78998619e-01
   6.61738039e-01  7.30504989e-01  8.00561950e-01  8.52462144e-01
   8.87438477e-01  9.40473168e-01  9.60144407e-01  9.74308185e-01
   9.88156677e-01  9.80117861e-01  9.64299271e-01  9.46109982e-01
   8.99897447e-01  8.58587833e-01  8.00457039e-01  7.32993199e-01
   6.65821130e-01  5.83452449e-01  4.95317009e-01  4.06766154e-01
   3.12039478e-01  2.12982381e-01  1.11130848e-01  9.30755541e-03]
 [ 1.99610469e-03 -1.00136187e-01 -2.01065582e-01 -2.99280179e-01
  -3.92360824e-01 -4.82020376e-01 -5.66010091e-01 -6.42234541e-01
  -7.14426838e-01 -7.82044886e-01 -8.31862783e-01 -8.65733489e-01
  -9.09633425e-01 -9.26145963e-01 -9.42821403e-01 -9.49525298e-01
  -9.35139732e-01 -9.11622089e-01 -8.82296293e-01 -8.46472518e-01
  -7.88585554e-01 -7.37437603e-01 -6.64106682e-01 -5.84616945e-01
  -5.05905408e-01 -4.17177207e-01 -3.21929918e-01 -2.27142065e-01
  -1.23319089e-01 -2.40924410e-02  8.00549172e-02  1.80741051e-01
   2.81867217e-01  3.78169380e-01  4.64639910e-01  5.61722405e-01
   6.40245128e-01  7.07534137e-01  7.63253595e-01  8.36096237e-01
   8.75499514e-01  9.16040979e-01  9.53449604e-01  9.74790199e-01
   9.64371876e-01  9.74005468e-01  9.57079440e-01  9.28263368e-01
   8.92848338e-01  8.52275963e-01  7.89885024e-01  7.33803002e-01
   6.54917201e-01  5.79396496e-01  4.94157214e-01  4.00320177e-01
   3.07988999e-01  2.09605142e-01  1.07415337e-01  7.47688790e-03]
 [-4.03973822e-05 -9.82881269e-02 -1.94974168e-01 -2.90660460e-01
  -3.79866703e-01 -4.67683362e-01 -5.47631237e-01 -6.18561949e-01
  -6.88116236e-01 -7.53192662e-01 -7.99880821e-01 -8.42918215e-01
  -8.67327789e-01 -8.90943583e-01 -9.09623109e-01 -9.15333819e-01
  -8.99267941e-01 -8.90619916e-01 -8.61431483e-01 -8.08884327e-01
  -7.72378856e-01 -7.14792896e-01 -6.52588266e-01 -5.71196957e-01
  -5.01054804e-01 -4.15146780e-01 -3.26567905e-01 -2.33232475e-01
  -1.40010402e-01 -3.95321454e-02  5.65466177e-02  1.49833230e-01
   2.50774219e-01  3.40717059e-01  4.22171165e-01  5.15373726e-01
   5.92135539e-01  6.66685785e-01  7.27601469e-01  7.75583748e-01
   8.24419534e-01  8.71637686e-01  8.96857272e-01  9.09360350e-01
   9.19983788e-01  9.11046537e-01  9.03258042e-01  8.82137701e-01
   8.53358097e-01  8.03319927e-01  7.50590680e-01  6.97175291e-01
   6.20714275e-01  5.46129915e-01  4.66233086e-01  3.75713990e-01
   2.92268344e-01  1.94722208e-01  9.99462428e-02  2.55439495e-03]
 [-1.34612725e-03 -9.04958918e-02 -1.79442673e-01 -2.62163659e-01
  -3.46182671e-01 -4.25792532e-01 -5.04227298e-01 -5.68056124e-01
  -6.30542770e-01 -6.91268455e-01 -7.36028897e-01 -7.77465162e-01
  -8.05987641e-01 -8.29748179e-01 -8.43283867e-01 -8.38541119e-01
  -8.31186206e-01 -8.23007931e-01 -7.92216649e-01 -7.63128923e-01
  -7.16630802e-01 -6.61107466e-01 -6.14190059e-01 -5.42494455e-01
  -4.73239517e-01 -3.98510346e-01 -3.18018483e-01 -2.28118531e-01
  -1.46382764e-01 -5.50620720e-02  3.02219900e-02  1.21248093e-01
   2.07227200e-01  2.89045711e-01  3.73420174e-01  4.47609427e-01
   5.13054731e-01  5.80201856e-01  6.46248431e-01  6.96762829e-01
   7.37028403e-01  7.67197953e-01  7.93483379e-01  8.17247968e-01
   8.30510596e-01  8.19660673e-01  8.17424024e-01  7.88249673e-01
   7.62636449e-01  7.22409850e-01  6.76749558e-01  6.20062643e-01
   5.63323601e-01  4.91969392e-01  4.21246581e-01  3.41419059e-01
   2.60659023e-01  1.74100326e-01  8.65555232e-02  4.48234182e-04]
 [-3.45110596e-03 -7.95959386e-02 -1.52458969e-01 -2.27328563e-01
  -3.01017867e-01 -3.68987357e-01 -4.33193239e-01 -4.92156227e-01
  -5.47791764e-01 -5.95413584e-01 -6.33754242e-01 -6.66782091e-01
  -7.03108735e-01 -7.22387907e-01 -7.21992946e-01 -7.32501619e-01
  -7.24973461e-01 -7.15221940e-01 -6.90687338e-01 -6.64565462e-01
  -6.29225761e-01 -5.88148448e-01 -5.36719247e-01 -4.82443088e-01
  -4.21825961e-01 -3.56152152e-01 -2.88739860e-01 -2.18685319e-01
  -1.43332260e-01 -6.83532812e-02  3.56666216e-03  8.25405743e-02
   1.57008739e-01  2.30333088e-01  2.95729342e-01  3.65639144e-01
   4.26487576e-01  4.79068467e-01  5.32212408e-01  5.77719412e-01
   6.18464553e-01  6.49202505e-01  6.70215832e-01  6.81415184e-01
   6.92566110e-01  6.91234788e-01  6.84730066e-01  6.63815975e-01
   6.43312297e-01  6.10985917e-01  5.68196790e-01  5.28923443e-01
   4.69880970e-01  4.17051326e-01  3.54147383e-01  2.84856409e-01
   2.18305681e-01  1.47429040e-01  7.33738759e-02 -8.70163617e-04]
 [-2.98118968e-03 -6.28873601e-02 -1.23453869e-01 -1.80744571e-01
  -2.39385988e-01 -2.92894424e-01 -3.42266454e-01 -3.87583603e-01
  -4.34242890e-01 -4.72196029e-01 -5.10426490e-01 -5.33422163e-01
  -5.54376596e-01 -5.74002114e-01 -5.77622722e-01 -5.85679820e-01
  -5.83912477e-01 -5.76818268e-01 -5.61197593e-01 -5.31891955e-01
  -5.13044817e-01 -4.78340806e-01 -4.43162176e-01 -3.98993325e-01
  -3.55634196e-01 -2.96967789e-01 -2.50204608e-01 -1.93997556e-01
  -1.37357080e-01 -7.81637246e-02 -1.77901914e-02  4.05036860e-02
   9.88739266e-02  1.56234026e-01  2.09903857e-01  2.66182023e-01
   3.09929353e-01  3.56632710e-01  3.98582693e-01  4.35871311e-01
   4.63848472e-01  4.86916210e-01  5.04998357e-01  5.23780809e-01
   5.28918159e-01  5.30015550e-01  5.16953242e-01  5.08305710e-01
   4.90315021e-01  4.70211801e-01  4.33967982e-01  4.02423691e-01
   3.65763956e-01  3.21331827e-01  2.73016097e-01  2.20595750e-01
   1.69256890e-01  1.12369646e-01  5.57330160e-02 -3.14939266e-03]
 [-3.82982844e-03 -4.47388529e-02 -8.54409688e-02 -1.25659844e-01
  -1.64915192e-01 -2.02414135e-01 -2.36706504e-01 -2.70858569e-01
  -2.99714163e-01 -3.26479989e-01 -3.51417306e-01 -3.74286091e-01
  -3.86458941e-01 -4.01377824e-01 -4.10990801e-01 -4.12833378e-01
  -4.13608275e-01 -4.03277244e-01 -4.00999254e-01 -3.85958006e-01
  -3.70583317e-01 -3.49902804e-01 -3.23316615e-01 -2.98232040e-01
  -2.63559548e-01 -2.33183300e-01 -1.96782492e-01 -1.56939815e-01
  -1.21315643e-01 -8.09318457e-02 -4.33421980e-02 -1.13732188e-03
   3.92121182e-02  7.80003859e-02  1.17040723e-01  1.47828051e-01
   1.86375164e-01  2.18163906e-01  2.40727205e-01  2.71484408e-01
   2.89341574e-01  3.05253167e-01  3.22089093e-01  3.34492316e-01
   3.42957312e-01  3.41195023e-01  3.37330740e-01  3.32591233e-01
   3.22084222e-01  3.06345654e-01  2.89509666e-01  2.65482849e-01
   2.40578064e-01  2.10785611e-01  1.79265289e-01  1.46938787e-01
   1.09593979e-01  7.40668950e-02  3.56757014e-02 -2.72555296e-03]
 [-2.68934728e-03 -2.29273026e-02 -4.22508370e-02 -6.25726312e-02
  -8.18604832e-02 -1.01614201e-01 -1.20571721e-01 -1.37386563e-01
  -1.54011774e-01 -1.69413362e-01 -1.81348483e-01 -1.93846446e-01
  -2.03295363e-01 -2.08294247e-01 -2.17125407e-01 -2.22687736e-01
  -2.20950306e-01 -2.23252219e-01 -2.20292014e-01 -2.15301293e-01
  -2.09370204e-01 -2.02440795e-01 -1.91037511e-01 -1.79661834e-01
  -1.66240453e-01 -1.50494800e-01 -1.35822860e-01 -1.16674868e-01
  -1.01641961e-01 -8.22440738e-02 -6.29281136e-02 -4.44911570e-02
  -2.32083693e-02 -5.43501108e-03  1.44900116e-02  3.02852577e-02
   4.83747745e-02  6.39494596e-02  7.87271940e-02  9.24736493e-02
   1.05988606e-01  1.13784432e-01  1.24384765e-01  1.29017252e-01
   1.35608089e-01  1.37466441e-01  1.39775829e-01  1.39163809e-01
   1.34450129e-01  1.30348599e-01  1.21738329e-01  1.14514197e-01
   1.04561984e-01  9.18093563e-02  7.83822596e-02  6.40001149e-02
   4.78397066e-02  3.17956474e-02  1.55094040e-02 -3.45732405e-03]
 [-1.58624969e-03  8.29588166e-04  3.14446119e-03  3.29545031e-03
   3.77054731e-03  3.96011456e-03  3.91253084e-03  3.95588763e-03
   2.90650210e-03  5.74152578e-05 -1.80377116e-03 -3.90256868e-03
  -6.14654310e-03 -1.05834226e-02 -1.28853316e-02 -1.68284737e-02
  -2.01917883e-02 -2.54807828e-02 -3.02627528e-02 -3.47336000e-02
  -3.95859053e-02 -4.42906937e-02 -4.83195298e-02 -5.35048078e-02
  -5.83143573e-02 -6.40695370e-02 -6.71360162e-02 -7.12233035e-02
  -7.38780762e-02 -7.84759414e-02 -8.04329868e-02 -8.40170175e-02
  -8.41007724e-02 -8.80452241e-02 -8.88392125e-02 -8.94809003e-02
  -8.94826999e-02 -8.92707528e-02 -8.85391284e-02 -8.57535867e-02
  -8.55863136e-02 -8.20718683e-02 -8.23767399e-02 -7.44428572e-02
  -7.29966049e-02 -7.03570664e-02 -6.59154933e-02 -6.12371925e-02
  -5.65654780e-02 -5.14681858e-02 -4.66701263e-02 -4.11827889e-02
  -3.59804068e-02 -3.03207119e-02 -2.54736914e-02 -2.07151046e-02
  -1.60537350e-02 -1.02096165e-02 -6.49159523e-03 -2.06458929e-03]
 [ 7.31752002e-04  2.48652816e-02  4.85908956e-02  7.02060701e-02
   9.06005643e-02  1.10697671e-01  1.28561551e-01  1.44567950e-01
   1.59290526e-01  1.71728146e-01  1.80008759e-01  1.86790208e-01
   1.91399347e-01  1.94350013e-01  1.92361432e-01  1.87196887e-01
   1.81325547e-01  1.73685992e-01  1.62120444e-01  1.48014087e-01
   1.32246660e-01  1.15186954e-01  9.53809371e-02  7.47560559e-02
   5.37127601e-02  3.18533565e-02  5.88997899e-03 -2.08058614e-02
  -4.45841612e-02 -6.95726187e-02 -9.47355003e-02 -1.19323418e-01
  -1.43127173e-01 -1.64702932e-01 -1.82382382e-01 -2.05268683e-01
  -2.23474621e-01 -2.38753537e-01 -2.49321072e-01 -2.63448836e-01
  -2.73660720e-01 -2.75698175e-01 -2.81631190e-01 -2.81008402e-01
  -2.76496017e-01 -2.73665585e-01 -2.65416493e-01 -2.55114746e-01
  -2.43690095e-01 -2.30811094e-01 -2.13395537e-01 -1.96099674e-01
  -1.75692681e-01 -1.52640559e-01 -1.28089586e-01 -1.03165460e-01
  -7.86853670e-02 -5.24618253e-02 -2.64193129e-02 -3.61230792e-04]
 [ 3.43774926e-03  4.84796838e-02  9.28611252e-02  1.34536986e-01
   1.73980295e-01  2.13030878e-01  2.47872520e-01  2.81914316e-01
   3.06996034e-01  3.34458717e-01  3.53902807e-01  3.68217698e-01
   3.79846391e-01  3.89433981e-01  3.90865720e-01  3.84270661e-01
   3.81224286e-01  3.67378095e-01  3.51659187e-01  3.26464755e-01
   3.01713801e-01  2.72606035e-01  2.39251672e-01  1.99538605e-01
   1.63379814e-01  1.21075496e-01  7.73851380e-02  3.45883826e-02
  -1.29705778e-02 -5.85945585e-02 -1.04966233e-01 -1.49380334e-01
  -1.92332440e-01 -2.32239690e-01 -2.75255861e-01 -3.13864662e-01
  -3.48358459e-01 -3.75390088e-01 -4.06204332e-01 -4.25120409e-01
  -4.49790354e-01 -4.58474972e-01 -4.67532905e-01 -4.74255963e-01
  -4.72872828e-01 -4.69416312e-01 -4.57453597e-01 -4.44569053e-01
  -4.18843069e-01 -3.97531562e-01 -3.73349272e-01 -3.41917965e-01
  -3.05797640e-01 -2.64894916e-01 -2.24708508e-01 -1.82721965e-01
  -1.37363298e-01 -9.24101148e-02 -4.55398298e-02  8.97323381e-04]
 [ 6.82312158e-03  7.04241364e-02  1.33045478e-01  1.93357446e-01
   2.49125850e-01  3.05297771e-01  3.58717173e-01  4.04021637e-01
   4.45307420e-01  4.82705193e-01  5.12252806e-01  5.37015773e-01
   5.58449642e-01  5.62172218e-01  5.66180422e-01  5.68070214e-01
   5.60410743e-01  5.43208583e-01  5.21867023e-01  4.91128891e-01
   4.49851723e-01  4.17203717e-01  3.69172274e-01  3.16845215e-01
   2.66035212e-01  2.11626170e-01  1.47110675e-01  8.72982276e-02
   2.10089326e-02 -4.23569252e-02 -1.08271412e-01 -1.67838137e-01
  -2.34539269e-01 -2.92177717e-01 -3.51863357e-01 -4.04347157e-01
  -4.56630511e-01 -5.00132299e-01 -5.35890120e-01 -5.68421858e-01
  -5.96851710e-01 -6.13456611e-01 -6.31911946e-01 -6.45799668e-01
  -6.44901564e-01 -6.34223213e-01 -6.26348253e-01 -6.07799703e-01
  -5.82180219e-01 -5.47565158e-01 -5.07696751e-01 -4.67686458e-01
  -4.18593751e-01 -3.69608371e-01 -3.11473124e-01 -2.50823747e-01
  -1.91535847e-01 -1.25618900e-01 -6.09441718e-02  4.54640981e-03]
 [ 9.73444987e-03  8.92822409e-02  1.68330658e-01  2.44602706e-01
   3.14193626e-01  3.87287028e-01  4.48093228e-01  5.12631422e-01
   5.60910318e-01  6.07693962e-01  6.49214849e-01  6.72751518e-01
   7.00056959e-01  7.17228664e-01  7.23293979e-01  7.22527987e-01
   7.12019973e-01  6.98983071e-01  6.68932456e-01  6.32877341e-01
   5.92855294e-01  5.40656639e-01  4.84786355e-01  4.23450275e-01
   3.57922923e-01  2.88275579e-01  2.09270080e-01  1.34308644e-01
   5.45388852e-02 -2.55345344e-02 -1.06866722e-01 -1.88638417e-01
  -2.64275733e-01 -3.39468993e-01 -4.12714951e-01 -4.77277992e-01
  -5.31563306e-01 -6.02663356e-01 -6.41542111e-01 -6.91027638e-01
  -7.24885393e-01 -7.56330837e-01 -7.74217233e-01 -7.81612229e-01
  -7.83274999e-01 -7.83661662e-01 -7.62178555e-01 -7.45544748e-01
  -7.18774823e-01 -6.71510253e-01 -6.31733018e-01 -5.74591418e-01
  -5.11987116e-01 -4.53207847e-01 -3.83325192e-01 -3.09961024e-01
  -2.34651811e-01 -1.52892540e-01 -7.40730274e-02  7.44604517e-03]
 [ 1.31088888e-02  1.05742884e-01  1.95545406e-01  2.82950913e-01
   3.68960678e-01  4.46299363e-01  5.25878190e-01  5.90174973e-01
   6.53042056e-01  6.99410345e-01  7.61625471e-01  7.88432666e-01
   8.29990030e-01  8.33200931e-01  8.43640687e-01  8.41829329e-01
   8.34300932e-01  8.09193600e-01  7.87151102e-01  7.46830990e-01
   7.00948224e-01  6.48552223e-01  5.82827122e-01  5.13364235e-01
   4.31327756e-01  3.52101695e-01  2.64133310e-01  1.75957621e-01
   8.60069938e-02 -8.49549327e-03 -1.00036943e-01 -1.87505845e-01
  -2.81465341e-01 -3.62532456e-01 -4.47799385e-01 -5.24904106e-01
  -6.02451549e-01 -6.67030842e-01 -7.29570117e-01 -7.74411382e-01
  -8.08689758e-01 -8.56422006e-01 -8.82236016e-01 -8.91783000e-01
  -9.01256139e-01 -8.95402544e-01 -8.78268803e-01 -8.47190150e-01
  -8.11640672e-01 -7.67435199e-01 -7.19010695e-01 -6.59176369e-01
  -5.88051575e-01 -5.14454639e-01 -4.38739734e-01 -3.53683722e-01
  -2.66506314e-01 -1.76880864e-01 -8.33476004e-02  1.07149987e-02]
 [ 1.56480681e-02  1.14482250e-01  2.15380506e-01  3.13198555e-01
   4.05366305e-01  4.91881122e-01  5.75568215e-01  6.53194484e-01
   7.19830657e-01  7.80866399e-01  8.31651617e-01  8.73785936e-01
   9.07410677e-01  9.23685252e-01  9.35696989e-01  9.36647811e-01
   9.16822217e-01  8.95110391e-01  8.74845334e-01  8.34717601e-01
   7.80240225e-01  7.19654935e-01  6.53242577e-01  5.75919804e-01
   4.88602866e-01  4.01793854e-01  3.10408400e-01  2.12274075e-01
   1.10187665e-01  1.18531302e-02 -9.04001782e-02 -1.87285627e-01
  -2.87160232e-01 -3.89219638e-01 -4.69737618e-01 -5.65875771e-01
  -6.42520027e-01 -7.10187342e-01 -7.73107907e-01 -8.34050404e-01
  -8.75357706e-01 -9.17910580e-01 -9.41910469e-01 -9.60926496e-01
  -9.61302380e-01 -9.46611280e-01 -9.47646327e-01 -9.11948327e-01
  -8.84098195e-01 -8.24122146e-01 -7.74105122e-01 -7.11185608e-01
  -6.41179102e-01 -5.61095393e-01 -4.72671772e-01 -3.82053905e-01
  -2.84985496e-01 -1.88226956e-01 -8.89760196e-02  1.37676897e-02]
 [ 1.82723066e-02  1.23642023e-01  2.25241035e-01  3.26031420e-01
   4.22191411e-01  5.15523412e-01  6.02364049e-01  6.83870892e-01
   7.47968291e-01  8.09909861e-01  8.67880540e-01  9.16013265e-01
   9.45717469e-01  9.69666284e-01  9.79442965e-01  9.83969537e-01
   9.77721375e-01  9.46164156e-01  9.14123300e-01  8.65454497e-01
   8.20422574e-01  7.59973105e-01  6.89966656e-01  6.14416423e-01
   5.30547846e-01  4.39310321e-01  3.37532237e-01  2.38946565e-01
   1.35579164e-01  3.24595762e-02 -7.63306735e-02 -1.77213466e-01
  -2.78671625e-01 -3.80382953e-01 -4.73335768e-01 -5.58555527e-01
  -6.41327053e-01 -7.14162707e-01 -7.87361049e-01 -8.49214714e-01
  -9.03133129e-01 -9.42538636e-01 -9.56356921e-01 -9.83362810e-01
  -9.93442296e-01 -9.80745557e-01 -9.70141802e-01 -9.34399044e-01
  -9.00091280e-01 -8.53201616e-01 -7.96327994e-01 -7.30223001e-01
  -6.59271975e-01 -5.71948039e-01 -4.88562834e-01 -3.93882277e-01
  -2.94631383e-01 -1.89224115e-01 -8.72343966e-02  1.63852496e-02]
 [ 2.04960862e-02  1.24671004e-01  2.27283847e-01  3.25482597e-01
   4.19994211e-01  5.13244878e-01  5.94400832e-01  6.82998450e-01
   7.54190787e-01  8.09920418e-01  8.74632426e-01  9.05535796e-01
   9.52883334e-01  9.66375646e-01  9.85467708e-01  9.85634856e-01
   9.71050332e-01  9.49668237e-01  9.25132329e-01  8.83677938e-01
   8.30724669e-01  7.69862153e-01  7.02686935e-01  6.19168224e-01
   5.40411600e-01  4.41152322e-01  3.53377469e-01  2.54942566e-01
   1.51672492e-01  4.75120991e-02 -5.41401096e-02 -1.60778720e-01
  -2.57692847e-01 -3.59201393e-01 -4.52514818e-01 -5.39237377e-01
  -6.27318940e-01 -6.95184752e-01 -7.59709193e-01 -8.21785172e-01
  -8.83514302e-01 -9.11187222e-01 -9.47067695e-01 -9.56536949e-01
  -9.67371581e-01 -9.67148346e-01 -9.39272782e-01 -9.22820681e-01
  -8.83839551e-01 -8.37937843e-01 -7.84809468e-01 -7.17326580e-01
  -6.40358356e-01 -5.66156032e-01 -4.75913101e-01 -3.85605112e-01
  -2.87815482e-01 -1.87780071e-01 -8.35322920e-02  1.88958427e-02]
 [ 2.17274411e-02  1.20308248e-01  2.17253680e-01  3.10979719e-01
   4.03514008e-01  4.91062252e-01  5.73677462e-01  6.49864917e-01
   7.10155790e-01  7.78506255e-01  8.33075265e-01  8.68287438e-01
   9.01707762e-01  9.19583827e-01  9.36929406e-01  9.40756825e-01
   9.32757644e-01  9.20261250e-01  8.85495167e-01  8.52750389e-01
   8.05515471e-01  7.34875267e-01  6.82573909e-01  6.01641214e-01
   5.27431224e-01  4.40246118e-01  3.52717610e-01  2.58356642e-01
   1.59147539e-01  6.30338093e-02 -3.48739190e-02 -1.28846953e-01
  -2.23158456e-01 -3.20705787e-01 -4.10717089e-01 -4.92512327e-01
  -5.70123882e-01 -6.50739264e-01 -7.09524920e-01 -7.63050396e-01
  -8.10377853e-01 -8.50300939e-01 -8.77209632e-01 -8.89107606e-01
  -9.01558680e-01 -9.02104115e-01 -8.83515553e-01 -8.61711932e-01
  -8.24185848e-01 -7.90917399e-01 -7.35696141e-01 -6.66795015e-01
  -6.06596679e-01 -5.27196526e-01 -4.43831992e-01 -3.60946789e-01
  -2.69198897e-01 -1.73365079e-01 -7.71747178e-02  2.07980321e-02]
 [ 2.24488410e-02  1.10980504e-01  1.96858887e-01  2.81683511e-01
   3.66827648e-01  4.43730700e-01  5.15615989e-01  5.80607630e-01
   6.49815971e-01  7.09021638e-01  7.46339864e-01  7.92234765e-01
   8.19352013e-01  8.48433201e-01  8.57695338e-01  8.52223491e-01
   8.46109671e-01  8.36594182e-01  8.09100048e-01  7.76136670e-01
   7.34480064e-01  6.82937353e-01  6.21059359e-01  5.58495105e-01
   4.90564792e-01  4.13558457e-01  3.32508169e-01  2.49839501e-01
   1.64270622e-01  7.68210744e-02 -1.26997237e-02 -9.80754277e-02
  -1.85288454e-01 -2.71535764e-01 -3.50460824e-01 -4.18615630e-01
  -4.98647968e-01 -5.62245685e-01 -6.11843381e-01 -6.73961604e-01
  -7.10657712e-01 -7.53301317e-01 -7.75863771e-01 -7.91826440e-01
  -7.92735340e-01 -7.99544112e-01 -7.85248071e-01 -7.63608797e-01
  -7.30262597e-01 -6.98324100e-01 -6.46144415e-01 -5.93140419e-01
  -5.33924925e-01 -4.67570152e-01 -3.95064748e-01 -3.15289035e-01
  -2.36313562e-01 -1.52144115e-01 -6.50588544e-02  2.22303046e-02]
 [ 2.26477971e-02  9.77079137e-02  1.69979281e-01  2.42942581e-01
   3.12801059e-01  3.81415547e-01  4.37548380e-01  5.02159903e-01
   5.53219996e-01  6.00441146e-01  6.37717587e-01  6.78016190e-01
   6.96907407e-01  7.24204513e-01  7.26624353e-01  7.32911562e-01
   7.33472384e-01  7.17188697e-01  6.97986120e-01  6.68520245e-01
   6.37286821e-01  5.90066287e-01  5.41426878e-01  4.88255490e-01
   4.32714781e-01  3.69678408e-01  3.01672261e-01  2.33204756e-01
   1.60883601e-01  8.64362540e-02  1.27576898e-02 -6.26242952e-02
  -1.34602053e-01 -2.06362708e-01 -2.72223370e-01 -3.38025493e-01
  -3.91790981e-01 -4.48260841e-01 -5.02143161e-01 -5.46637886e-01
  -5.84670733e-01 -6.08499266e-01 -6.36247477e-01 -6.49886700e-01
  -6.44729097e-01 -6.46784152e-01 -6.40906027e-01 -6.32125819e-01
  -6.01999236e-01 -5.74517095e-01 -5.32829113e-01 -4.91957944e-01
  -4.43845165e-01 -3.84034408e-01 -3.24718317e-01 -2.60691484e-01
  -1.89453637e-01 -1.23250076e-01 -5.08779682e-02  2.32205329e-02]
 [ 2.17665949e-02  7.88005788e-02  1.36188523e-01  1.88534972e-01
   2.44714425e-01  2.98787793e-01  3.49024292e-01  3.91893385e-01
   4.29247528e-01  4.71940929e-01  5.01028595e-01  5.30845923e-01
   5.48924482e-01  5.65227822e-01  5.75826515e-01  5.77614359e-01
   5.80755640e-01  5.69099594e-01  5.53558774e-01  5.33629616e-01
   5.07177892e-01  4.72812421e-01  4.42394035e-01  3.99156819e-01
   3.55830985e-01  3.05381474e-01  2.56204855e-01  2.02226900e-01
   1.48834394e-01  9.16451530e-02  3.40866436e-02 -2.13427763e-02
  -7.81611113e-02 -1.30978053e-01 -1.85153841e-01 -2.33547569e-01
  -2.81173534e-01 -3.20851055e-01 -3.65390227e-01 -3.96806139e-01
  -4.30240743e-01 -4.46773070e-01 -4.66435668e-01 -4.73779536e-01
  -4.85300096e-01 -4.84796233e-01 -4.80004594e-01 -4.69793758e-01
  -4.49377346e-01 -4.31123379e-01 -3.99980951e-01 -3.67267934e-01
  -3.30788821e-01 -2.89916357e-01 -2.44767228e-01 -1.93077663e-01
  -1.42583598e-01 -8.84987065e-02 -3.26336472e-02  2.22321664e-02]
 [ 2.00910067e-02  5.77126346e-02  9.48193971e-02  1.32539586e-01
   1.68330524e-01  2.01231120e-01  2.35157804e-01  2.65637507e-01
   2.93023812e-01  3.19571695e-01  3.39202627e-01  3.59450876e-01
   3.74726142e-01  3.89759137e-01  3.96102495e-01  3.98396622e-01
   3.95920233e-01  3.93178781e-01  3.81840333e-01  3.73379267e-01
   3.58129070e-01  3.38536771e-01  3.17651384e-01  2.91354496e-01
   2.62886107e-01  2.33445572e-01  1.99547727e-01  1.66900478e-01
   1.30439075e-01  9.31696809e-02  5.64631439e-02  1.94126732e-02
  -1.69009027e-02 -5.31926216e-02 -8.71560364e-02 -1.20845805e-01
  -1.53257334e-01 -1.77633887e-01 -2.08128719e-01 -2.28117162e-01
  -2.50839833e-01 -2.66811198e-01 -2.77967316e-01 -2.90191763e-01
  -2.95233051e-01 -2.95084274e-01 -2.93237537e-01 -2.86961298e-01
  -2.78176125e-01 -2.63265683e-01 -2.44777833e-01 -2.27217323e-01
  -2.01808096e-01 -1.76038542e-01 -1.47621979e-01 -1.16724350e-01
  -8.37299362e-02 -4.96498348e-02 -1.53146357e-02  2.12141173e-02]
 [ 1.76239660e-02  3.35764352e-02  4.90566458e-02  6.59203762e-02
   8.19840640e-02  9.77538968e-02  1.14204387e-01  1.29890434e-01
   1.41494225e-01  1.55270646e-01  1.64576587e-01  1.75337918e-01
   1.84593021e-01  1.90353816e-01  1.97002660e-01  1.98334838e-01
   2.03486315e-01  2.02354216e-01  1.99637745e-01  1.97716896e-01
   1.91739465e-01  1.84580342e-01  1.79647644e-01  1.70522712e-01
   1.59325754e-01  1.47173154e-01  1.34599944e-01  1.19852474e-01
   1.06313984e-01  8.93278919e-02  7.58436940e-02  5.93553407e-02
   4.42021904e-02  2.90577767e-02  1.34952201e-02 -1.55968418e-03
  -1.52691535e-02 -2.84723768e-02 -3.98242050e-02 -5.22985963e-02
  -6.27793774e-02 -7.15198035e-02 -8.09968986e-02 -8.41900307e-02
  -8.81861269e-02 -9.16258416e-02 -9.31054468e-02 -9.08514887e-02
  -8.95118687e-02 -8.59791163e-02 -8.10774237e-02 -7.45822331e-02
  -6.58027429e-02 -5.63452657e-02 -4.62874931e-02 -3.46027946e-02
  -2.21593919e-02 -8.91675467e-03  5.23885823e-03  1.93376038e-02]
 [ 1.44894843e-02  8.38987671e-03  2.69756383e-03 -2.06008876e-03
  -6.15831504e-03 -1.00629609e-02 -1.16407037e-02 -1.46805759e-02
  -1.73760450e-02 -1.88675985e-02 -1.86193063e-02 -1.76916926e-02
  -1.47493478e-02 -1.57234549e-02 -1.09449873e-02 -8.35576177e-03
  -3.91997397e-03 -3.12771720e-04  6.15222596e-03  1.28952190e-02
   1.92333468e-02  2.55005899e-02  3.26215345e-02  3.94665924e-02
   4.79623428e-02  5.42519439e-02  6.24769397e-02  6.85646028e-02
   7.78694444e-02  8.32169018e-02  9.19685455e-02  9.68258888e-02
   1.03492670e-01  1.08789613e-01  1.13374116e-01  1.18190290e-01
   1.22440455e-01  1.24192859e-01  1.24363394e-01  1.26905955e-01
   1.28577307e-01  1.28218394e-01  1.24135437e-01  1.23447910e-01
   1.20275476e-01  1.17079741e-01  1.12191025e-01  1.07668655e-01
   1.01388823e-01  9.34707616e-02  8.77959441e-02  8.15053716e-02
   7.30430009e-02  6.60311832e-02  5.77500944e-02  4.95084151e-02
   4.08817338e-02  3.22621811e-02  2.42254389e-02  1.65764743e-02]
 [ 1.10369576e-02 -1.71780133e-02 -4.41914573e-02 -7.02729070e-02
  -9.50145743e-02 -1.17193765e-01 -1.38106544e-01 -1.57683869e-01
  -1.75136615e-01 -1.89764292e-01 -2.01401526e-01 -2.10362524e-01
  -2.15347831e-01 -2.18856928e-01 -2.18062167e-01 -2.14505581e-01
  -2.10704854e-01 -1.98472401e-01 -1.88519571e-01 -1.73783763e-01
  -1.56376601e-01 -1.37288488e-01 -1.14461728e-01 -9.29428858e-02
  -6.61165806e-02 -3.96874004e-02 -1.30290796e-02  1.50218791e-02
   4.54929122e-02  7.46401502e-02  1.01741353e-01  1.30252256e-01
   1.57399908e-01  1.83406736e-01  2.08268273e-01  2.32018988e-01
   2.51879437e-01  2.73247319e-01  2.89847813e-01  3.00559056e-01
   3.12553922e-01  3.20596136e-01  3.25757645e-01  3.23878286e-01
   3.22823005e-01  3.18307707e-01  3.15413293e-01  3.03420166e-01
   2.88827831e-01  2.74041225e-01  2.50695866e-01  2.34353466e-01
   2.10439824e-01  1.84365061e-01  1.59366378e-01  1.30171724e-01
   1.02993025e-01  7.30513428e-02  4.31012421e-02  1.34799343e-02]
 [ 6.90554704e-03 -4.17032937e-02 -8.88201241e-02 -1.33894778e-01
  -1.77907510e-01 -2.20480704e-01 -2.58073331e-01 -2.92278111e-01
  -3.25460755e-01 -3.53847152e-01 -3.74672960e-01 -3.88912997e-01
  -4.01843556e-01 -4.11238890e-01 -4.18765508e-01 -4.14818866e-01
  -4.04389166e-01 -3.91249696e-01 -3.76626701e-01 -3.51820316e-01
  -3.23987970e-01 -2.92693973e-01 -2.58372904e-01 -2.18321747e-01
  -1.76991909e-01 -1.33013959e-01 -8.59113612e-02 -3.96242588e-02
   9.64625847e-03  6.17855243e-02  1.07527911e-01  1.55864584e-01
   2.04125105e-01  2.51478472e-01  2.96508787e-01  3.33415078e-01
   3.70861503e-01  4.06049185e-01  4.28326607e-01  4.55009910e-01
   4.80871383e-01  4.97253786e-01  5.08653375e-01  5.15194495e-01
   5.13622756e-01  5.09337114e-01  4.99320453e-01  4.78308515e-01
   4.65789762e-01  4.38156629e-01  4.07679672e-01  3.74163697e-01
   3.37140848e-01  2.97827720e-01  2.53372517e-01  2.04890011e-01
   1.58847149e-01  1.09628094e-01  6.00072333e-02  9.64427700e-03]
 [ 2.70245937e-03 -6.38588776e-02 -1.29459123e-01 -1.93678134e-01
  -2.53722013e-01 -3.12405818e-01 -3.68006234e-01 -4.14706137e-01
  -4.59154213e-01 -5.01191513e-01 -5.27324505e-01 -5.55437867e-01
  -5.76937501e-01 -5.81030941e-01 -5.92973903e-01 -5.94906239e-01
  -5.86112784e-01 -5.66987752e-01 -5.41640769e-01 -5.11061690e-01
  -4.77183877e-01 -4.29195975e-01 -3.84635882e-01 -3.36695250e-01
  -2.78581397e-01 -2.19767821e-01 -1.56810559e-01 -9.10638173e-02
  -2.53593650e-02  4.24876548e-02  1.11879590e-01  1.76433845e-01
   2.44249275e-01  3.04699433e-01  3.69837940e-01  4.23646841e-01
   4.80278375e-01  5.28104500e-01  5.66524247e-01  5.94948779e-01
   6.29652965e-01  6.52714755e-01  6.71290523e-01  6.72117015e-01
   6.86839071e-01  6.75143601e-01  6.61421982e-01  6.39234405e-01
   6.18134312e-01  5.83953459e-01  5.47337143e-01  4.97345449e-01
   4.46586520e-01  3.89403731e-01  3.37729821e-01  2.73052642e-01
   2.09425889e-01  1.42433706e-01  7.30659813e-02  5.92976219e-03]
 [-1.64243985e-03 -8.38012748e-02 -1.63820717e-01 -2.44483040e-01
  -3.19434825e-01 -3.92260172e-01 -4.57921995e-01 -5.15900037e-01
  -5.73549386e-01 -6.24768281e-01 -6.58002840e-01 -6.98162207e-01
  -7.22212440e-01 -7.37414080e-01 -7.42806403e-01 -7.45339308e-01
  -7.30691126e-01 -7.12129577e-01 -6.87000543e-01 -6.52029621e-01
  -6.06151748e-01 -5.55524774e-01 -5.01532045e-01 -4.36094754e-01
  -3.68235245e-01 -2.97002345e-01 -2.18984612e-01 -1.41617782e-01
  -5.75479587e-02  2.70132882e-02  1.08001983e-01  1.79242264e-01
   2.67849246e-01  3.43913585e-01  4.23588145e-01  4.92393051e-01
   5.54353214e-01  6.08590955e-01  6.63802483e-01  7.04554589e-01
   7.45796455e-01  7.81065721e-01  7.94823219e-01  8.11154441e-01
   8.07369157e-01  8.12712261e-01  7.98383262e-01  7.63287755e-01
   7.43979876e-01  6.86161632e-01  6.48191942e-01  5.96558128e-01
   5.42134741e-01  4.75494337e-01  4.04419579e-01  3.24582854e-01
   2.49643751e-01  1.67890524e-01  8.50081499e-02  1.60268262e-03]
 [-5.41557557e-03 -1.00430850e-01 -1.92252203e-01 -2.82337267e-01
  -3.69718842e-01 -4.49015066e-01 -5.29730309e-01 -5.98984171e-01
  -6.61860817e-01 -7.13764970e-01 -7.59056788e-01 -8.00248751e-01
  -8.27360782e-01 -8.48709394e-01 -8.63754372e-01 -8.57871779e-01
  -8.49225132e-01 -8.34501464e-01 -8.04506404e-01 -7.62118400e-01
  -7.13481776e-01 -6.55245835e-01 -5.90436023e-01 -5.24069353e-01
  -4.42105538e-01 -3.57525233e-01 -2.67885637e-01 -1.82650548e-01
  -8.88769722e-02  4.42904250e-03  1.03262282e-01  1.93511578e-01
   2.79706220e-01  3.72177795e-01  4.59750883e-01  5.36152976e-01
   6.11757609e-01  6.76028502e-01  7.37669989e-01  7.93133251e-01
   8.41549521e-01  8.67050924e-01  8.90631678e-01  9.07348251e-01
   9.18885527e-01  9.07640856e-01  8.85681364e-01  8.67667159e-01
   8.37276639e-01  7.87079181e-01  7.38368592e-01  6.79850842e-01
   6.09522839e-01  5.33943684e-01  4.52594142e-01  3.69323197e-01
   2.76980926e-01  1.85877293e-01  9.05826032e-02 -2.39220245e-03]
 [-9.39643162e-03 -1.10326970e-01 -2.10235931e-01 -3.03982641e-01
  -4.00272643e-01 -4.93573354e-01 -5.75932244e-01 -6.53567655e-01
  -7.21102989e-01 -7.86007910e-01 -8.34110940e-01 -8.78193508e-01
  -9.12680307e-01 -9.29235776e-01 -9.37241567e-01 -9.41192714e-01
  -9.29357404e-01 -9.12397572e-01 -8.76950363e-01 -8.30834065e-01
  -7.78274546e-01 -7.20491147e-01 -6.53509607e-01 -5.73494972e-01
  -4.97411771e-01 -4.03889299e-01 -3.13859604e-01 -2.14061100e-01
  -1.17106210e-01 -1.58664810e-02  8.74591471e-02  1.91728449e-01
   2.84434205e-01  3.87241695e-01  4.74319752e-01  5.58225095e-01
   6.46709428e-01  7.05680451e-01  7.73524805e-01  8.31829426e-01
   8.88402279e-01  9.25307130e-01  9.48991658e-01  9.66456152e-01
   9.64856739e-01  9.64879579e-01  9.49525827e-01  9.18253348e-01
   8.89544683e-01  8.38057900e-01  7.88983357e-01  7.19078572e-01
   6.45007863e-01  5.62036454e-01  4.81090571e-01  3.90626024e-01
   2.95227167e-01  1.95798796e-01  9.60882455e-02 -6.07972075e-03]
 [-1.23044618e-02 -1.16720334e-01 -2.20051447e-01 -3.21267233e-01
  -4.16406441e-01 -5.07655082e-01 -5.94506380e-01 -6.67468382e-01
  -7.39913219e-01 -8.08307793e-01 -8.62245119e-01 -9.09885963e-01
  -9.25976661e-01 -9.66974445e-01 -9.79980762e-01 -9.75765537e-01
  -9.68275326e-01 -9.46796631e-01 -9.14538656e-01 -8.65610972e-01
  -8.23692164e-01 -7.56456441e-01 -6.84031870e-01 -6.11656679e-01
  -5.31124729e-01 -4.34443885e-01 -3.37715278e-01 -2.41344954e-01
  -1.39152384e-01 -3.70472834e-02  7.08751258e-02  1.71823698e-01
   2.74514121e-01  3.69337586e-01  4.66594000e-01  5.58226086e-01
   6.31136660e-01  7.23985601e-01  7.87740139e-01  8.41780323e-01
   8.92537767e-01  9.31542596e-01  9.59829730e-01  9.78113178e-01
   9.85987029e-01  9.82297206e-01  9.60934367e-01  9.47231548e-01
   8.97907529e-01  8.49735015e-01  7.94822206e-01  7.25436348e-01
   6.59822750e-01  5.78154750e-01  4.89878254e-01  3.99325427e-01
   2.99608478e-01  1.98685951e-01  9.44322030e-02 -9.37335585e-03]
 [-1.50984816e-02 -1.17134551e-01 -2.18450067e-01 -3.16344178e-01
  -4.12603557e-01 -5.01347562e-01 -5.88957622e-01 -6.63359818e-01
  -7.34372565e-01 -8.03154365e-01 -8.55960867e-01 -8.93201907e-01
  -9.33445649e-01 -9.54799228e-01 -9.76802796e-01 -9.72067394e-01
  -9.62346857e-01 -9.44131864e-01 -9.07865189e-01 -8.68744724e-01
  -8.23064377e-01 -7.59182969e-01 -6.90470382e-01 -6.14883121e-01
  -5.33857917e-01 -4.46489742e-01 -3.52867999e-01 -2.51292894e-01
  -1.56591700e-01 -4.93855679e-02  5.32914121e-02  1.53348525e-01
   2.53377947e-01  3.52149175e-01  4.47162535e-01  5.32046818e-01
   6.18015390e-01  6.94105757e-01  7.59897547e-01  8.05465210e-01
   8.66624465e-01  8.96485152e-01  9.24336913e-01  9.38104332e-01
   9.52136247e-01  9.41306579e-01  9.31995549e-01  9.07366597e-01
   8.78550004e-01  8.33183905e-01  7.75051105e-01  7.11553177e-01
   6.40713799e-01  5.54471849e-01  4.80203715e-01  3.83715955e-01
   2.83865436e-01  1.90293370e-01  8.96583955e-02 -1.27602473e-02]
 [-1.67235293e-02 -1.13010517e-01 -2.06921404e-01 -2.98442037e-01
  -3.90622945e-01 -4.77700187e-01 -5.54260113e-01 -6.29794718e-01
  -6.97107826e-01 -7.50107499e-01 -8.08049760e-01 -8.52205107e-01
  -8.85131659e-01 -9.07981546e-01 -9.11123375e-01 -9.15498081e-01
  -9.12418480e-01 -8.95690141e-01 -8.62964473e-01 -8.30485319e-01
  -7.85268689e-01 -7.27393837e-01 -6.61315886e-01 -5.94307272e-01
  -5.16163807e-01 -4.27903675e-01 -3.47133125e-01 -2.55522464e-01
  -1.62926124e-01 -6.44499010e-02  2.95261981e-02  1.25728268e-01
   2.16853238e-01  3.11169225e-01  3.98012231e-01  4.77368715e-01
   5.58695960e-01  6.23678209e-01  6.94574106e-01  7.39033125e-01
   7.85054868e-01  8.16875217e-01  8.59562737e-01  8.70659099e-01
   8.82430217e-01  8.79266386e-01  8.74160138e-01  8.48845980e-01
   8.11568701e-01  7.68522166e-01  7.19407602e-01  6.48602105e-01
   5.95483262e-01  5.18703699e-01  4.40484277e-01  3.55074845e-01
   2.65699448e-01  1.74001812e-01  7.97501603e-02 -1.40862980e-02]
 [-1.75015618e-02 -1.02368317e-01 -1.86383743e-01 -2.67770758e-01
  -3.48813076e-01 -4.23470478e-01 -4.99272014e-01 -5.65079162e-01
  -6.23444954e-01 -6.75372841e-01 -7.20972775e-01 -7.58669589e-01
  -7.92109740e-01 -8.13309397e-01 -8.26850825e-01 -8.27192525e-01
  -8.20710155e-01 -8.07434075e-01 -7.81660807e-01 -7.40007521e-01
  -7.11226192e-01 -6.57565530e-01 -6.04383909e-01 -5.41073128e-01
  -4.76173799e-01 -4.05610423e-01 -3.24707719e-01 -2.46307639e-01
  -1.60901939e-01 -7.70051528e-02  4.58068207e-03  9.24949325e-02
   1.74201039e-01  2.56970597e-01  3.34904243e-01  3.95481556e-01
   4.80493007e-01  5.40751950e-01  5.92901648e-01  6.44534381e-01
   6.91790365e-01  7.23367414e-01  7.39951922e-01  7.60729496e-01
   7.72116229e-01  7.69543597e-01  7.51298767e-01  7.38680604e-01
   7.13298609e-01  6.65074570e-01  6.29907264e-01  5.74935400e-01
   5.15841033e-01  4.51456260e-01  3.84222833e-01  3.10203026e-01
   2.30586359e-01  1.49312927e-01  6.74452521e-02 -1.65370057e-02]
 [-1.74801923e-02 -8.80257249e-02 -1.57858118e-01 -2.26334083e-01
  -2.92379671e-01 -3.59496185e-01 -4.19857521e-01 -4.70569028e-01
  -5.18995266e-01 -5.62036619e-01 -5.98261648e-01 -6.39077118e-01
  -6.63080838e-01 -6.78464945e-01 -6.88669788e-01 -6.95405139e-01
  -6.98824238e-01 -6.83755287e-01 -6.59194104e-01 -6.35304685e-01
  -6.04953571e-01 -5.65577132e-01 -5.20772661e-01 -4.66417800e-01
  -4.11216956e-01 -3.54585472e-01 -2.88544395e-01 -2.22831485e-01
  -1.56028045e-01 -8.60756671e-02 -1.56062533e-02  5.25936389e-02
   1.21516145e-01  1.88991586e-01  2.56067853e-01  3.15211830e-01
   3.69952264e-01  4.22148593e-01  4.73292565e-01  5.09846424e-01
   5.43497222e-01  5.73715061e-01  5.93428658e-01  6.12576980e-01
   6.23922418e-01  6.20375666e-01  6.11874778e-01  5.97599962e-01
   5.73027460e-01  5.53008093e-01  5.16809658e-01  4.60706121e-01
   4.21476343e-01  3.68598310e-01  3.10646125e-01  2.50935707e-01
   1.88167798e-01  1.20269870e-01  5.36976783e-02 -1.65904206e-02]
 [-1.64393337e-02 -6.91230975e-02 -1.20556449e-01 -1.73334263e-01
  -2.22400869e-01 -2.71186706e-01 -3.14976496e-01 -3.59101689e-01
  -4.00682387e-01 -4.29156760e-01 -4.57212964e-01 -4.87024394e-01
  -5.08587254e-01 -5.23117781e-01 -5.30947031e-01 -5.36533305e-01
  -5.32008251e-01 -5.26934653e-01 -5.14621858e-01 -4.97687984e-01
  -4.72244438e-01 -4.42976576e-01 -4.13354806e-01 -3.73740558e-01
  -3.35543298e-01 -2.87262097e-01 -2.42063559e-01 -1.92842075e-01
  -1.43387057e-01 -9.16973219e-02 -3.81326355e-02  1.24403251e-02
   6.44172235e-02  1.15180785e-01  1.64153304e-01  2.10289225e-01
   2.51675537e-01  2.95231659e-01  3.27838955e-01  3.63341934e-01
   3.91116348e-01  4.09812309e-01  4.24445015e-01  4.40487984e-01
   4.49018550e-01  4.48950414e-01  4.41199894e-01  4.31037299e-01
   4.14650332e-01  3.98287848e-01  3.70737432e-01  3.42422242e-01
   3.04593661e-01  2.66714640e-01  2.24588143e-01  1.79831887e-01
   1.33580947e-01  8.55727693e-02  3.53670244e-02 -1.60584593e-02]
 [-1.43436749e-02 -4.66970547e-02 -7.87560436e-02 -1.11704190e-01
  -1.43151076e-01 -1.72458833e-01 -2.02340201e-01 -2.29795281e-01
  -2.54369927e-01 -2.76034983e-01 -2.98719309e-01 -3.14900877e-01
  -3.27879685e-01 -3.39894881e-01 -3.45039787e-01 -3.49404618e-01
  -3.48924733e-01 -3.47386383e-01 -3.41422146e-01 -3.33033447e-01
  -3.18255373e-01 -3.01871796e-01 -2.85812575e-01 -2.60960774e-01
  -2.38618680e-01 -2.11075758e-01 -1.83992889e-01 -1.53030167e-01
  -1.22619914e-01 -9.10127402e-02 -5.91576373e-02 -2.69941042e-02
   5.01193684e-03  3.54017440e-02  6.36053233e-02  9.10925124e-02
   1.20798276e-01  1.48476177e-01  1.71403494e-01  1.93597735e-01
   2.10488372e-01  2.21083370e-01  2.36266849e-01  2.45846541e-01
   2.50475448e-01  2.48557443e-01  2.46527150e-01  2.49822270e-01
   2.33502475e-01  2.29065939e-01  2.14473818e-01  1.96784852e-01
   1.75659214e-01  1.54784229e-01  1.29330936e-01  1.03723396e-01
   7.59219512e-02  4.64733088e-02  1.69172356e-02 -1.43647373e-02]
 [-1.13436209e-02 -2.23357839e-02 -3.32550896e-02 -4.40035067e-02
  -5.61276216e-02 -6.89129696e-02 -7.89285463e-02 -9.01558816e-02
  -9.89848690e-02 -1.09721823e-01 -1.17801837e-01 -1.26388977e-01
  -1.32801679e-01 -1.39900379e-01 -1.42758136e-01 -1.47991055e-01
  -1.48611107e-01 -1.53128641e-01 -1.51586450e-01 -1.52000668e-01
  -1.49761076e-01 -1.45939256e-01 -1.41636083e-01 -1.35008375e-01
  -1.30008723e-01 -1.23695673e-01 -1.15420504e-01 -1.05622193e-01
  -9.75555374e-02 -8.73479070e-02 -7.72087377e-02 -6.68213261e-02
  -5.59937132e-02 -4.43447691e-02 -3.35762554e-02 -2.31263146e-02
  -1.34725975e-02 -3.36179880e-03  5.83413938e-03  1.22419043e-02
   2.17483094e-02  3.03938456e-02  3.53613103e-02  3.85627768e-02
   4.55410965e-02  4.80815893e-02  4.96594455e-02  5.06085611e-02
   5.23816873e-02  5.19553835e-02  4.73646670e-02  4.31623680e-02
   3.96453514e-02  3.47054757e-02  2.81664072e-02  2.16844307e-02
   1.38541636e-02  5.40778042e-03 -3.08472923e-03 -1.20508830e-02]]
minima = -0.9934422962960725
coord = [37, 44]
For betaplot:
beta_vec = [0.         0.05324733 0.10649467 0.159742   0.21298933 0.26623667
 0.319484   0.37273133 0.42597866 0.479226   0.53247333 0.58572066
 0.638968   0.69221533 0.74546266 0.79871    0.85195733 0.90520466
 0.958452   1.01169933 1.06494666 1.118194   1.17144133 1.22468866
 1.27793599 1.33118333 1.38443066 1.43767799 1.49092533 1.54417266
 1.59741999 1.65066733 1.70391466 1.75716199 1.81040933 1.86365666
 1.91690399 1.97015133 2.02339866 2.07664599 2.12989332 2.18314066
 2.23638799 2.28963532 2.34288266 2.39612999 2.44937732 2.50262466
 2.55587199 2.60911932 2.66236666 2.71561399 2.76886132 2.82210865
 2.87535599 2.92860332 2.98185065 3.03509799 3.08834532 3.14159265]
zz = [0.24654089709731616, 0.19559513207161405, 0.14693136472002907, 0.10270963371281115, 0.06484506770814599, 0.035150172838928906, 0.015131705369990374, 0.0057814254764033445, 0.007572556331217304, 0.02048625351619248, 0.044006131599324066, 0.07713545808875183, 0.11844223252667269, 0.16612079330917146, 0.21807413017148478, 0.272007133246693, 0.3255297465570598, 0.3762645514965413, 0.42195338476018, 0.4605590935192904, 0.4903573282248044, 0.5100139097377001, 0.5186452279322302, 0.5158579901318341, 0.5017670481438706, 0.47699039752645567, 0.4426214542589908, 0.400180026023652, 0.35154406094716645, 0.2988653280292405, 0.24447274705569233, 0.19076786289358252, 0.14011698767711214, 0.0947450686600559, 0.056635901422887, 0.027443330614156457, 0.008417289480743046, 0.00034814388370246193, 0.003531751072052037, 0.01775686238503819, 0.04231539005090969, 0.0760350858359415, 0.11733317764938386, 0.16428842789893885, 0.21472851390380113, 0.26632868674487625, 0.3167171440383507, 0.3635826679884469, 0.40477926808176995, 0.43842342695030334, 0.46297937107369014, 0.4773285717424302, 0.4808203501983926, 0.4733012691723913, 0.45512199817602755, 0.4271213608710672, 0.3905882351455075, 0.34720311047972047, 0.2989618300678318, 0.24808509209872365]
zo = [0.25679290853168835, 0.3098179521853094, 0.35957759600640377, 0.407251915226947, 0.45021103771428683, 0.48374735804517094, 0.5063294877937639, 0.5180682870305724, 0.5183955498570091, 0.5072307824905152, 0.4851909226251354, 0.4531834382800064, 0.41265089942500743, 0.3654051980565711, 0.31351328294581865, 0.2592907537210138, 0.2051232249259538, 0.15339373806266782, 0.10637850200736318, 0.0661240842198419, 0.03437628852213782, 0.012491182833997447, 0.0013766709528008278, 0.0014546833656435565, 0.012640647607523675, 0.03434954932586149, 0.06552205404810515, 0.10467524490004544, 0.14996791172229354, 0.19928619101835474, 0.25033999379066046, 0.3007652060443259, 0.3482333843170418, 0.39055622442503796, 0.42578463672529615, 0.4522981831109337, 0.4688780199620257, 0.4747616788040303, 0.4696788508005959, 0.4538628968761631, 0.42803974288783236, 0.39339679699894203, 0.3515270633994697, 0.30435794036578634, 0.2540645061577497, 0.20296876663245086, 0.15343650630578823, 0.10776857650471071, 0.06809609461373115, 0.036284691084291325, 0.013848056398692965, 0.001879595812688733, 0.0010019310117201615, 0.0113377723369109, 0.032503498939513535, 0.06362548205217948, 0.10337896795584654, 0.15004602220619723, 0.20159351613522172, 0.25576310448227846]
oz = [0.2222268066540806, 0.2716992108978424, 0.31871294698613417, 0.3639145077534394, 0.4043010234019246, 0.43585129738147793, 0.45731602592546894, 0.4684756990633861, 0.468771167418746, 0.4581723121231892, 0.43723096529025424, 0.40687694409868796, 0.3685258098338634, 0.3239534824387657, 0.27521331496852863, 0.22457281664934495, 0.17438089189526654, 0.1269784740348255, 0.08458749374108605, 0.04920641450313363, 0.022524434072914764, 0.005840007691488243, 3.292911314142321e-06, 0.005375951594855528, 0.02181393508393294, 0.04867249519417741, 0.08483482092235406, 0.12876080942937568, 0.17855554165327822, 0.2320547492177142, 0.2869197922647219, 0.3407445274547301, 0.3911614518834934, 0.43594830875541873, 0.47312904822941226, 0.5010599650208672, 0.5185064413684484, 0.5246963641222299, 0.5193551262367704, 0.5027195326698147, 0.47552452203308854, 0.43897277317394046, 0.3946792924002451, 0.3445987205573171, 0.29093916653436985, 0.23606107084183942, 0.18237302279724904, 0.13222314659665313, 0.08779361711939923, 0.051004005771229884, 0.023424658128615952, 0.006207410595518249, 3.4479450698726786e-05, 0.005088669426874526, 0.021046279794862795, 0.04709278019541546, 0.08196069426558417, 0.12398760738578452, 0.17119267116568823, 0.22136643204053627]
oo = [0.27443640575072165, 0.21822731713386134, 0.16449455273016533, 0.11832723552910626, 0.078459413226215, 0.04516615702029355, 0.0210494777901499, 0.007594391330483785, 0.00525205498733094, 0.01406540106810666, 0.03356241144047339, 0.06279214396199903, 0.10036452784370813, 0.1445173994728838, 0.1931884983524432, 0.24412261506910002, 0.2949621286789581, 0.3433551559341524, 0.3870771698930154, 0.4241052701520432, 0.4527364679814951, 0.4716518626512054, 0.4799695119769676, 0.4773076274386456, 0.46377478603040023, 0.43998291104952675, 0.40701858805544594, 0.36637988323788706, 0.31992869527108175, 0.26979056333026397, 0.21826345957383086, 0.16771916034092033, 0.12048471704975679, 0.07874674968916551, 0.04444728104227673, 0.019194955099022654, 0.004194942366125961, 0.0001905637879816412, 0.007430834530862848, 0.025657527125770425, 0.054117026626685355, 0.0915920837046929, 0.13645725515574175, 0.18675165578115802, 0.2402646176423293, 0.2946382481812942, 0.3474701680134234, 0.396422389108153, 0.43932786468556384, 0.4742847336840911, 0.4997446953131164, 0.5145813553607406, 0.5181400353720411, 0.5102691589125898, 0.49132516067248794, 0.4621571464923969, 0.424069079086646, 0.37876011501318824, 0.3282488273110632, 0.2747823773461914]
