For betaplot:
beta_vec = [0.         0.05235988 0.10471976 0.15707963 0.20943951 0.26179939
 0.31415927 0.36651914 0.41887902 0.4712389  0.52359878 0.57595865
 0.62831853 0.68067841 0.73303829 0.78539816 0.83775804 0.89011792
 0.9424778  0.99483767 1.04719755 1.09955743 1.15191731 1.20427718
 1.25663706 1.30899694 1.36135682 1.41371669 1.46607657 1.51843645
 1.57079633 1.6231562  1.67551608 1.72787596 1.78023584 1.83259571
 1.88495559 1.93731547 1.98967535 2.04203522 2.0943951  2.14675498
 2.19911486 2.25147474 2.30383461 2.35619449 2.40855437 2.46091425
 2.51327412 2.565634   2.61799388 2.67035376 2.72271363 2.77507351
 2.82743339 2.87979327 2.93215314 2.98451302 3.0368729  3.08923278
 3.14159265]
cost_vec = [0.00817341564348339, -0.10302987385189888, -0.2049157245798137, -0.30784828398158476, -0.3993508614700884, -0.4910215353509475, -0.5754833695724094, -0.6625027780122525, -0.7280387243161033, -0.7934717991887258, -0.8477657679969252, -0.9027337716074237, -0.9283437362712602, -0.9648425001547639, -0.9859599784267771, -0.9764125344534053, -0.9878834302662266, -0.9655139637209665, -0.9300880808933191, -0.9075984713713865, -0.8577126147452878, -0.8023657311210529, -0.7374248124535748, -0.667550387982863, -0.5828355894739912, -0.5005801597306716, -0.4077148332434032, -0.3121547261805346, -0.21285100249490888, -0.1092157645067909, -0.011944763823527403, 0.09334049316778546, 0.20355551150903034, 0.29831281337864923, 0.3928052876607675, 0.48817144474113106, 0.5783907352863653, 0.6597063168293437, 0.7335369780681867, 0.7967281585535676, 0.853293911689021, 0.901966144728965, 0.943835285573258, 0.9615992579808172, 0.9890953570933916, 0.9877638290153606, 0.9836631384807238, 0.9751572593044676, 0.9487545077367027, 0.9075319347635645, 0.8633392186888957, 0.8053469277307761, 0.7439551752993909, 0.6663420033999328, 0.5826080888638598, 0.5066202633375658, 0.4179996165279964, 0.315093663763701, 0.21645062484134223, 0.11552250583400124, 0.01205990184870059]
zz = [0.2538808088059001, 0.22442423106531215, 0.1981575884366896, 0.17005986549583435, 0.14480329666281452, 0.12047177463536415, 0.09935885898716201, 0.0781231791890136, 0.062452050560244846, 0.04705432009218614, 0.03452905992714485, 0.02200871911888317, 0.016466306466971347, 0.007921732499592098, 0.0032295060610051237, 0.00497948712228083, 0.0020132430193025978, 0.006302827607064691, 0.013341304294291678, 0.017274203568036724, 0.027226775288161333, 0.03831328943216576, 0.05157975113087995, 0.06617613042706853, 0.08432448693910848, 0.10227914409967971, 0.12314045813224948, 0.14522568276194828, 0.16847364537128948, 0.19372564354719332, 0.21842161687837938, 0.24558406335024074, 0.274747677418164, 0.301160151684267, 0.32818336123205977, 0.35675408815714016, 0.38318290244639414, 0.4086781633540029, 0.43183201970682594, 0.45390670302399655, 0.4726505417057799, 0.49089228141495844, 0.5061052133430918, 0.5154327135405232, 0.5264864740500066, 0.5289720414534217, 0.5304595415165273, 0.5297707757836146, 0.5242391544771583, 0.5135701242579322, 0.5004355245145635, 0.4852134290650466, 0.4673884690444176, 0.44561486391917565, 0.42071916439833557, 0.3982122039412957, 0.3724274292472037, 0.342978563476122, 0.3156354943665321, 0.2861928007532146, 0.2571947235678518]
zo = [0.25020586352621577, 0.22547553617554955, 0.2029327239059553, 0.1790871782791833, 0.1565103726705588, 0.13407158651983678, 0.1129529080865397, 0.09065777746965863, 0.0735296931637849, 0.05622230683317048, 0.041591443298623486, 0.026626314950168862, 0.019364836498169752, 0.009658072544031521, 0.003791498749593674, 0.006815475424124802, 0.0040453179824646215, 0.010966333709998326, 0.021613897039245544, 0.028926415783742502, 0.043917034026081894, 0.06052709636330269, 0.07970776192055734, 0.10004925820422327, 0.12425756000527009, 0.14743085001712314, 0.1730026175541855, 0.1986970572089812, 0.22510116558344628, 0.2516668415268939, 0.27560608333369135, 0.30108655009329427, 0.3270303140616564, 0.34799641498078365, 0.36821962562620253, 0.3873317123743747, 0.4060126338604375, 0.42117523001876217, 0.4349363993393921, 0.4444575966672275, 0.4539965190800691, 0.4600907673920099, 0.4658126421015216, 0.4653668156314282, 0.46806129164552907, 0.46491006702502985, 0.46137193694989, 0.45780740863651703, 0.4501381962161247, 0.440195773394697, 0.43123403367106244, 0.4174574115174245, 0.4045891578608913, 0.3875555219492668, 0.37058203923251654, 0.35509640425426836, 0.3365724882425086, 0.31456830813943193, 0.29259365557677075, 0.2715673921950835, 0.24883528879419636]
oz = [0.2555154623420831, 0.2777908594439681, 0.29631156382702195, 0.3185017867783404, 0.3394871596047348, 0.35667280607455565, 0.371211203763419, 0.38598025276701897, 0.39608648449575545, 0.4055386696110362, 0.4115527941647903, 0.4187671567047755, 0.4195846731891337, 0.42305015877214636, 0.4239466776741335, 0.41887311970243146, 0.41890314633459375, 0.41226501340874777, 0.40415589408832847, 0.3987364008751008, 0.38847406552412866, 0.37805907819120116, 0.3657757870246614, 0.35272054150082793, 0.3372360323390841, 0.3221637294759336, 0.30509609246081676, 0.2874550084772393, 0.2680265762544031, 0.24787303680397824, 0.22872094415676417, 0.20728299648829346, 0.18413010969791077, 0.1640112121227878, 0.1432927193768415, 0.12223206259014018, 0.10123946275043676, 0.08230150263332557, 0.06461351460665592, 0.04936339590780982, 0.035383539247820464, 0.023459860720044554, 0.013040348902303472, 0.008753119374941087, 0.0022294885207066796, 0.0029003792164814233, 0.004797830739147676, 0.007845954374909054, 0.01574114799065122, 0.02753916164078874, 0.04016980206366995, 0.056418313990541716, 0.07353502954682772, 0.09467695333078069, 0.1169797177403545, 0.13686559047916402, 0.1595940191301386, 0.18549584780359035, 0.21004526122038303, 0.23340556996094566, 0.2569333216545958]
oo = [0.24039686183980236, 0.26764190164759694, 0.2923892057425784, 0.3247218735602607, 0.35715174226620705, 0.3887254480815532, 0.41629033661663745, 0.44514656254716667, 0.4679266698738712, 0.49114803762643056, 0.5123159068069645, 0.5325931382641031, 0.5445723895750314, 0.5593684195877241, 0.569029009971755, 0.5693275089218682, 0.5750374121962744, 0.5704356246328923, 0.560882530771454, 0.5550618636361385, 0.540378785109031, 0.5230769500983987, 0.5029354289856113, 0.4810527236912848, 0.45417764249077097, 0.42812368192687256, 0.3987595734930519, 0.36862168407573753, 0.3383976055706264, 0.3067338220001111, 0.27724952145616827, 0.2460453799337485, 0.21409142707326945, 0.18683039226140383, 0.16030355269716481, 0.13368018643971216, 0.1095640158461656, 0.08784406383895282, 0.06861623156723701, 0.05227153830679389, 0.03796844449069549, 0.025555950462972626, 0.01504113362548905, 0.010446038327587353, 0.0032219824549026875, 0.0032168502667351477, 0.003369644949728927, 0.004574239553096067, 0.009880752716648233, 0.01869400648134179, 0.028159702889346584, 0.0409066401725167, 0.054486614984602944, 0.0721510447217468, 0.09171504437277611, 0.1098234060102309, 0.131405277561973, 0.15695653162409526, 0.1817211304661598, 0.20883223719612196, 0.2370359725003864]
minima = -0.9878834302662266
coord = [16, 15]
