For betaplot:
beta_vec = [0.         0.05235988 0.10471976 0.15707963 0.20943951 0.26179939
 0.31415927 0.36651914 0.41887902 0.4712389  0.52359878 0.57595865
 0.62831853 0.68067841 0.73303829 0.78539816 0.83775804 0.89011792
 0.9424778  0.99483767 1.04719755 1.09955743 1.15191731 1.20427718
 1.25663706 1.30899694 1.36135682 1.41371669 1.46607657 1.51843645
 1.57079633 1.6231562  1.67551608 1.72787596 1.78023584 1.83259571
 1.88495559 1.93731547 1.98967535 2.04203522 2.0943951  2.14675498
 2.19911486 2.25147474 2.30383461 2.35619449 2.40855437 2.46091425
 2.51327412 2.565634   2.61799388 2.67035376 2.72271363 2.77507351
 2.82743339 2.87979327 2.93215314 2.98451302 3.0368729  3.08923278
 3.14159265]
cost_vec = [0.006185401759255161, -0.10084106863252756, -0.21213448791670225, -0.3078217755410781, -0.38670644278752603, -0.49029684143391206, -0.5675703873907353, -0.6462018024752065, -0.7252452041158731, -0.7972476148930684, -0.8512189968529942, -0.8990999635456695, -0.921125126540779, -0.962477142748965, -0.973221761906118, -0.9923136695147386, -0.9839268091337772, -0.975652719757905, -0.9440755972611458, -0.9065828013428016, -0.8550037159479141, -0.798442313479882, -0.743339601780021, -0.6675658184660399, -0.5851685574726012, -0.5003186057796158, -0.4055201485659168, -0.3120829190452905, -0.21132356788466175, -0.1091951814526576, -0.011965119701119648, 0.09728010948714706, 0.19814082252054058, 0.30039810506909576, 0.3937772697108354, 0.48745982610995225, 0.5697514720160884, 0.6566155371601657, 0.7251085739981133, 0.7888347018880483, 0.8547488699542377, 0.9029857453940178, 0.9412867406352942, 0.9765262454088788, 0.9890960378030251, 0.9885208187640927, 0.991201491045663, 0.9720791146264622, 0.9437727715589967, 0.9092770654009055, 0.8618681070089467, 0.8095154861344226, 0.7442249169525126, 0.6744153360057774, 0.5918924903982042, 0.506196729519128, 0.4128894013330168, 0.3162519542800743, 0.2177267075161429, 0.112416300641349, 0.01608661550170747]
zz = [0.2533962455567988, 0.22496840442187918, 0.19659710456897195, 0.17041820383981662, 0.14773621610175763, 0.12067715176971995, 0.10126712049091335, 0.08199623074016521, 0.06316180679912475, 0.046212712436488335, 0.033769309700276, 0.022896480009933797, 0.017760613843524703, 0.008516422380589373, 0.005991193382372547, 0.0015552791482975838, 0.0029289405950344606, 0.004037869866680165, 0.010215674852905861, 0.017552279343116112, 0.027793169190864178, 0.03905722797550249, 0.05032343312913526, 0.06610936826535647, 0.0837692661741238, 0.10228016172187171, 0.12324350358929383, 0.14514182356738894, 0.16884736855502944, 0.19371992808752897, 0.21838855768815518, 0.24648998328424865, 0.2735120476679066, 0.3023461674632517, 0.3284159991021254, 0.355847112203757, 0.3819260534236552, 0.4071843542272308, 0.43035317601264866, 0.45096672790579795, 0.4732092716706304, 0.49137498551321607, 0.5060336386567448, 0.5194865115646198, 0.5257448040493898, 0.5292606181486624, 0.5325872379244128, 0.530264863173325, 0.522822702471163, 0.5139780731139149, 0.5009039002909055, 0.4868949681812955, 0.4673817565770914, 0.44685973883158614, 0.4232338190215712, 0.3982003167193213, 0.37217012122959364, 0.3431692265843336, 0.31558063493526095, 0.2854856807867648, 0.25897414969111093]
zo = [0.24969661388589867, 0.2260168967236175, 0.2009337007402566, 0.1787443634354959, 0.15988628993615606, 0.13422951172126568, 0.11500029631492457, 0.09493224202140661, 0.07421734056615419, 0.05517704963732866, 0.04062492132981113, 0.027555408752732304, 0.02168434828444958, 0.010245480932582067, 0.007398669940038631, 0.002289410554388389, 0.0051071071826094, 0.008136299126071639, 0.01774718246750135, 0.029155832963239023, 0.044704765562030374, 0.061722116347609574, 0.07800676740385962, 0.10010889384910544, 0.12364653235109431, 0.14756062315875618, 0.17399686111070373, 0.19881680397708687, 0.2254911558863264, 0.25168282810206605, 0.2756289991145939, 0.3021504426614603, 0.32555860806387843, 0.3478530571678016, 0.3684729835602826, 0.3878829407394826, 0.4029498850717839, 0.4211236911807869, 0.43220075648538886, 0.44345083028673876, 0.4541653650983462, 0.4601179714982635, 0.4646095029413511, 0.468776733744586, 0.46880330047203156, 0.4649999633558831, 0.46301355857136206, 0.4557741914810229, 0.4490636618452208, 0.4406602349532212, 0.4300294337640655, 0.41786186035514516, 0.4047292784618061, 0.3903480494645843, 0.372712475749369, 0.3548981265846255, 0.3342747036560872, 0.31495366477305103, 0.29328284320415876, 0.2707225691481367, 0.24906871295913988]
oz = [0.25602817425120167, 0.2772045372616747, 0.2984274328037633, 0.319121017145649, 0.33572172097811026, 0.356498786600202, 0.36935028301172074, 0.3822175705571061, 0.39485984203307345, 0.405613993959103, 0.41252824526576454, 0.41781770156442566, 0.41788235794625933, 0.4225702998133268, 0.42125002045819726, 0.422715034686891, 0.4180901941957278, 0.41432192452172284, 0.40694568347861637, 0.39861848962061414, 0.38789287326943794, 0.3769451264465505, 0.3669985072761365, 0.3528489366955456, 0.3375302129575509, 0.3221959028406423, 0.3036203240346534, 0.28716358809974735, 0.2677318475699074, 0.24781775658403174, 0.2288184355436276, 0.2063794107954482, 0.18538298950390625, 0.1638705148431306, 0.1431248424896665, 0.1220976148566512, 0.10344213246608243, 0.08276900353448713, 0.06676458184201546, 0.05113092419881121, 0.034970028895749836, 0.02317168673443892, 0.013752050662714078, 0.005046416512317362, 0.0021883342190215146, 0.002944541127819045, 0.0028913868295332087, 0.008671348355860467, 0.017106176826880492, 0.027067502283731813, 0.0404814086497929, 0.055375405514112165, 0.07333009710389049, 0.09240963813346716, 0.11456176858944832, 0.13707058715331957, 0.16138974087411284, 0.1851203539232374, 0.20955660866266326, 0.23428073557397516, 0.25665541779953205]
oo = [0.24087818348647116, 0.2671460531540801, 0.2938029657724053, 0.32409392941300447, 0.35461971507076906, 0.3885370655090922, 0.4141958748576955, 0.44075978809021943, 0.4677566944948379, 0.49296088183855097, 0.5130670911631069, 0.5317257515314413, 0.5426585215156504, 0.5586652225281957, 0.565356410359432, 0.5734364688046146, 0.5738709845692682, 0.5735016469953778, 0.5650890030893738, 0.554671226571063, 0.539604532912162, 0.5222747453561977, 0.5046706485898519, 0.4809308644002265, 0.4550521391215935, 0.427961351896574, 0.3991367469827909, 0.3688768052078577, 0.33792700071491105, 0.30677862937000727, 0.27716197784107693, 0.24497873467767758, 0.2155458392867389, 0.18592945116378273, 0.1599854367896625, 0.13417169581239732, 0.11168106301319752, 0.088922355283429, 0.07067828786490872, 0.054450752913878214, 0.03765473013156078, 0.025334556719299677, 0.015602813684004633, 0.006689638652918996, 0.0032627969698215773, 0.002794183898166703, 0.0015070380279187856, 0.005287807473241459, 0.011006474791146177, 0.018293064097201234, 0.02858344963335287, 0.03986566360216889, 0.05455633414272461, 0.07038184888565743, 0.08949091828589863, 0.10983029960065475, 0.13216464396359764, 0.15675279558597324, 0.18157920376039746, 0.20951019664119797, 0.235300500541213]
minima = -0.9923136695147386
coord = [15, 15]
